# File generated by CMD 3.2 (http://stev.oapd.inaf.it/cmd) on Wed May 29 16:04:51 CEST 2019
# isochrones based on PARSEC release v1.2S +  COLIBRI S_35
# Basic references: Bressan et al. (2012), MNRAS, 427, 127 + Chen et al. (2014, 2015), MNRAS, 444, 2525 + MNRAS, 452, 1068 + Tang et al. (2014), MNRAS, 445, 4287 + Marigo et al. (2017), ApJ, 835, 77 + Pastorelli al. (2019), MNRAS in press
# Thermal pulse cycles included 
# On RGB, assumed Reimers mass loss with efficiency eta=0.2
# Photometric system: Gaia's DR2 G, G_BP and G_RP (Vegamags, Gaia passbands from Maiz-Apellaniz and Weiler 2018)
# Using YBC version of bolometric corrections as in Chen et al. (2019)
# O-rich circumstellar dpmod60alox40 dust from Groenewegen (2006)
# C-rich circumstellar AMCSIC15 dust from Groenewegen (2006)
# IMF: Kroupa (2001, 2002) + Kroupa et al. (2013) canonical two-part-power law IMF corrected for unresolved binaries 
# Kind of output: isochrone tables
# Zini logAge Mini int_IMF  Mass   logL    logTe  logg  label   McoreTP C_O  period0 period1 pmode  Mloss  tau1m   X   Y   Xc  Xn  Xo  Cexcess  Z 	 mbolmag  Gmag    G_BPbrmag  G_BPftmag  G_RPmag
0.0152 7.750 0.0900000036 1.0816895962    0.090 -2.575  3.4039  4.535    0  0.000  0.545     0.00     0.00 -1 -6.09e-16      0.00 7.092e-01 2.755e-01 2.746e-03 7.408e-04 6.719e-03 -1.000 1.527e-02 11.208 13.248 15.953 15.999 11.796
0.0152 7.750 0.0916961432 1.0977416039    0.092 -2.563  3.4055  4.537    0  0.000  0.545     0.00     0.00 -1  -6.2e-16      0.00 7.092e-01 2.755e-01 2.746e-03 7.408e-04 6.719e-03 -1.000 1.527e-02 11.176 13.217 15.921 15.968 11.764
0.0152 7.750 0.1000000015 1.1711064577    0.100 -2.499  3.4133  4.542    0  0.000  0.545     0.00     0.00 -1 -6.83e-16      0.00 7.092e-01 2.755e-01 2.746e-03 7.408e-04 6.719e-03 -1.000 1.527e-02 11.018 13.058 15.764 15.811 11.605
0.0152 7.750 0.1048448756 1.2103482485    0.105 -2.467  3.4172  4.546    0  0.000  0.545     0.00     0.00 -1 -7.15e-16      0.00 7.092e-01 2.755e-01 2.746e-03 7.408e-04 6.719e-03 -1.000 1.527e-02 10.937 12.961 15.648 15.694 11.512
0.0152 7.750 0.1197954714 1.3179659843    0.120 -2.371  3.4289  4.555    0  0.000  0.545     0.00     0.00 -1 -8.27e-16      0.00 7.092e-01 2.755e-01 2.746e-03 7.408e-04 6.719e-03 -1.000 1.527e-02 10.697 12.568 15.068 15.114 11.157
0.0152 7.750 0.1200000122 1.3193155527    0.120 -2.370  3.4290  4.555    0  0.000  0.545     0.00     0.00 -1 -8.28e-16      0.00 7.092e-01 2.755e-01 2.746e-03 7.408e-04 6.719e-03 -1.000 1.527e-02 10.694 12.562 15.060 15.106 11.152
0.0152 7.750 0.1346695572 1.4089684486    0.135 -2.291  3.4381  4.563    0  0.000  0.545     0.00     0.00 -1 -9.28e-16      0.00 7.092e-01 2.755e-01 2.746e-03 7.408e-04 6.719e-03 -1.000 1.527e-02 10.498 12.245 14.602 14.647 10.865
0.0152 7.750 0.1400000006 1.4384527206    0.140 -2.264  3.4412  4.565    0  0.000  0.545     0.00     0.00 -1 -9.66e-16      0.00 7.092e-01 2.755e-01 2.746e-03 7.408e-04 6.719e-03 -1.000 1.527e-02 10.430 12.138 14.449 14.495 10.769
0.0152 7.750 0.1599999964 1.5372931957    0.160 -2.174  3.4513  4.574    0  0.000  0.545     0.00     0.00 -1  -1.1e-15      0.00 7.092e-01 2.755e-01 2.746e-03 7.408e-04 6.719e-03 -1.000 1.527e-02 10.206 11.786 13.947 13.993 10.450
0.0152 7.750 0.2000000030 1.6938791275    0.200 -2.025  3.4675  4.586    0  0.000  0.545     0.00     0.00 -1 -1.37e-15      0.00 7.092e-01 2.755e-01 2.746e-03 7.408e-04 6.719e-03 -1.000 1.527e-02 9.833 11.219 13.148 13.193 9.938
0.0152 7.750 0.2378355414 1.8084347248    0.238 -1.913  3.4791  4.595    0  0.000  0.545     0.00     0.00 -1 -1.61e-15      0.00 7.092e-01 2.755e-01 2.746e-03 7.408e-04 6.719e-03 -1.000 1.527e-02 9.551 10.811 12.592 12.637 9.568
0.0152 7.750 0.2500000000 1.8403258324    0.250 -1.880  3.4824  4.597    0  0.000  0.545     0.00     0.00 -1 -1.69e-15      0.00 7.092e-01 2.755e-01 2.746e-03 7.408e-04 6.719e-03 -1.000 1.527e-02 9.470 10.694 12.431 12.476 9.462
0.0152 7.750 0.2824339569 1.9163335562    0.282 -1.802  3.4902  4.603    0  0.000  0.545     0.00     0.00 -1 -1.89e-15      0.00 7.092e-01 2.755e-01 2.746e-03 7.408e-04 6.719e-03 -1.000 1.527e-02 9.275 10.414 12.050 12.096 9.210
0.0152 7.750 0.3000000119 1.9529139996    0.300 -1.762  3.4940  4.606    0  0.000  0.545     0.00     0.00 -1    -2e-15      0.00 7.092e-01 2.755e-01 2.746e-03 7.408e-04 6.719e-03 -1.000 1.527e-02 9.176 10.282 11.882 11.927 9.090
0.0152 7.750 0.3293579817 2.0082273483    0.329 -1.701  3.4998  4.608    0  0.000  0.545     0.00     0.00 -1 -2.18e-15      0.00 7.092e-01 2.755e-01 2.746e-03 7.408e-04 6.719e-03 -1.000 1.527e-02 9.024 10.080 11.623 11.669 8.904
0.0152 7.750 0.3514425159 2.0457754135    0.352 -1.661  3.5038  4.612    0  0.000  0.545     0.00     0.00 -1 -2.31e-15      0.00 7.092e-01 2.755e-01 2.746e-03 7.408e-04 6.719e-03 -1.000 1.527e-02 8.922 9.946 11.454 11.499 8.781
0.0152 7.750 0.3634792566 2.0649724007    0.364 -1.635  3.5062  4.610    0  0.000  0.545     0.00     0.00 -1 -2.42e-15      0.00 7.092e-01 2.755e-01 2.746e-03 7.408e-04 6.719e-03 -1.000 1.527e-02 8.857 9.863 11.350 11.396 8.705
0.0152 7.750 0.4000000358 2.1185026169    0.400 -1.567  3.5127  4.609    0  0.000  0.545     0.00     0.00 -1  -2.7e-15      0.00 7.092e-01 2.755e-01 2.746e-03 7.408e-04 6.719e-03 -1.000 1.527e-02 8.686 9.642 11.073 11.119 8.502
0.0152 7.750 0.4339773357 2.1628885269    0.434 -1.501  3.5193  4.606    0  0.000  0.545     0.00     0.00 -1 -3.03e-15      0.00 7.092e-01 2.755e-01 2.746e-03 7.408e-04 6.719e-03 -1.000 1.527e-02 8.522 9.428 10.804 10.850 8.307
0.0152 7.750 0.4500000477 2.1822810173    0.450 -1.472  3.5222  4.603    0  0.000  0.545     0.00     0.00 -1 -3.19e-15      0.00 7.092e-01 2.755e-01 2.746e-03 7.408e-04 6.719e-03 -1.000 1.527e-02 8.449 9.335 10.689 10.734 8.222
0.0152 7.750 0.5000000000 2.2374541759    0.500 -1.381  3.5323  4.600    0  0.000  0.545     0.00     0.00 -1 -3.75e-15      0.00 7.092e-01 2.755e-01 2.746e-03 7.408e-04 6.719e-03 -1.000 1.527e-02 8.223 9.038 10.316 10.362 7.953
0.0152 7.750 0.5403075814 2.2754678726    0.540 -1.293  3.5424  4.586    0  0.000  0.545     0.00     0.00 -1 -4.48e-15      0.00 7.092e-01 2.755e-01 2.746e-03 7.408e-04 6.719e-03 -1.000 1.527e-02 8.004 8.753 9.963 10.009 7.697
0.0152 7.750 0.5500000119 2.2836582661    0.550 -1.272  3.5451  4.583    0  0.000  0.545     0.00     0.00 -1 -4.67e-15      0.00 7.092e-01 2.755e-01 2.746e-03 7.408e-04 6.718e-03 -1.000 1.527e-02 7.950 8.683 9.875 9.921 7.634
0.0152 7.750 0.5657852292 2.2963092327    0.566 -1.239  3.5499  4.581    0  0.000  0.545     0.00     0.00 -1 -4.97e-15      0.00 7.092e-01 2.755e-01 2.746e-03 7.408e-04 6.718e-03 -1.000 1.527e-02 7.868 8.569 9.728 9.775 7.534
0.0152 7.750 0.5736631751 2.3023242950    0.573 -1.221  3.5526  4.580    0  0.000  0.545     0.00     0.00 -1 -5.15e-15      0.00 7.092e-01 2.755e-01 2.746e-03 7.408e-04 6.718e-03 -1.000 1.527e-02 7.822 8.506 9.648 9.694 7.478
0.0152 7.750 0.6000000238 2.3211214542    0.600 -1.146  3.5636  4.568    0  0.000  0.545     0.00     0.00 -1 -6.05e-15      0.00 7.092e-01 2.755e-01 2.746e-03 7.408e-04 6.718e-03 -1.000 1.527e-02 7.634 8.248 9.320 9.367 7.252
0.0152 7.750 0.6270291209 2.3385367393    0.627 -1.060  3.5785  4.561    0  0.000  0.545     0.00     0.00 -1 -7.24e-15      0.00 7.092e-01 2.755e-01 2.746e-03 7.407e-04 6.718e-03 -1.000 1.527e-02 7.420 7.942 8.927 8.975 6.990
0.0152 7.750 0.6499999762 2.3520355225    0.650 -0.976  3.5942  4.556    0  0.000  0.545     0.00     0.00 -1 -8.67e-15      0.00 7.092e-01 2.755e-01 2.746e-03 7.407e-04 6.718e-03 -1.000 1.527e-02 7.210 7.647 8.552 8.599 6.737
0.0152 7.750 0.6668941975 2.3612837791    0.667 -0.907  3.6089  4.556    0  0.000  0.545     0.00     0.00 -1    -1e-14      0.00 7.092e-01 2.755e-01 2.746e-03 7.407e-04 6.718e-03 -1.000 1.527e-02 7.037 7.399 8.236 8.284 6.528
0.0152 7.750 0.6835672259 2.3698973656    0.684 -0.838  3.6242  4.559    0  0.000  0.545     0.00     0.00 -1 -1.16e-14      0.00 7.092e-01 2.755e-01 2.746e-03 7.407e-04 6.718e-03 -1.000 1.527e-02 6.864 7.150 7.919 7.967 6.320
0.0152 7.750 0.7000000477 2.3779268265    0.700 -0.770  3.6396  4.563    0  0.000  0.545     0.00     0.00 -1 -1.33e-14      0.00 7.092e-01 2.755e-01 2.745e-03 7.407e-04 6.718e-03 -1.000 1.527e-02 6.695 6.903 7.600 7.649 6.118
0.0152 7.750 0.7007915378 2.3783025742    0.701 -0.766  3.6407  4.565    0  0.000  0.545     0.00     0.00 -1 -1.34e-14      0.00 7.092e-01 2.755e-01 2.745e-03 7.407e-04 6.718e-03 -1.000 1.527e-02 6.685 6.887 7.580 7.628 6.106
0.0152 7.750 0.7115836143 2.3833312988    0.712 -0.716  3.6551  4.579    0  0.000  0.543     0.00     0.00 -1 -1.47e-14      0.00 7.092e-01 2.755e-01 2.737e-03 7.405e-04 6.718e-03 -1.000 1.527e-02 6.561 6.692 7.325 7.373 5.952
0.0152 7.750 0.7223591805 2.3881802559    0.723 -0.671  3.6680  4.592    0  0.000  0.542     0.00     0.00 -1  -1.6e-14      0.00 7.092e-01 2.755e-01 2.729e-03 7.402e-04 6.718e-03 -1.000 1.527e-02 6.448 6.522 7.107 7.153 5.818
0.0152 7.750 0.7281071544 2.3906993866    0.728 -0.656  3.6724  4.598    0  0.000  0.541     0.00     0.00 -1 -1.63e-14      0.00 7.092e-01 2.755e-01 2.725e-03 7.401e-04 6.718e-03 -1.000 1.527e-02 6.411 6.468 7.038 7.083 5.775
0.0152 7.750 0.7500000000 2.3998889923    0.750 -0.619  3.6835  4.618    0  0.000  0.538     0.00     0.00 -1 -1.72e-14      0.00 7.092e-01 2.755e-01 2.709e-03 7.397e-04 6.718e-03 -1.000 1.527e-02 6.318 6.335 6.869 6.913 5.670
0.0152 7.750 0.8000000119 2.4187245369    0.800 -0.531  3.7016  4.630    0  0.000  0.538     0.00     0.00 -1 -2.03e-14      0.00 7.093e-01 2.754e-01 2.709e-03 7.396e-04 6.718e-03 -1.000 1.527e-02 6.097 6.059 6.540 6.581 5.439
0.0152 7.750 0.8145345449 2.4237034321    0.815 -0.506  3.7055  4.629    0  0.000  0.538     0.00     0.00 -1 -2.12e-14      0.00 7.093e-01 2.754e-01 2.709e-03 7.396e-04 6.718e-03 -1.000 1.526e-02 6.036 5.989 6.459 6.500 5.378
0.0152 7.750 0.8500000238 2.4350347519    0.850 -0.431  3.7170  4.618    0  0.000  0.538     0.00     0.00 -1  -2.5e-14      0.00 7.093e-01 2.754e-01 2.709e-03 7.396e-04 6.717e-03 -1.000 1.527e-02 5.847 5.773 6.214 6.253 5.189
0.0152 7.750 0.8631749749 2.4389724731    0.863 -0.409  3.7203  4.616    0  0.000  0.538     0.00     0.00 -1 -2.62e-14      0.00 7.093e-01 2.754e-01 2.708e-03 7.395e-04 6.717e-03 -1.000 1.527e-02 5.792 5.711 6.143 6.181 5.134
0.0152 7.750 0.8970260620 2.4484825134    0.897 -0.347  3.7293  4.607    0  0.000  0.538     0.00     0.00 -1 -2.97e-14      0.00 7.093e-01 2.754e-01 2.708e-03 7.395e-04 6.717e-03 -1.000 1.523e-02 5.638 5.541 5.953 5.989 4.983
0.0152 7.750 0.9000000358 2.4492788315    0.900 -0.341  3.7303  4.606    0  0.000  0.538     0.00     0.00 -1 -3.01e-14      0.00 7.093e-01 2.754e-01 2.708e-03 7.395e-04 6.717e-03 -1.000 1.523e-02 5.622 5.523 5.932 5.969 4.967
0.0152 7.750 0.9500000477 2.4618122578    0.950 -0.233  3.7446  4.579    0  0.000  0.538     0.00     0.00 -1 -3.88e-14      0.00 7.094e-01 2.754e-01 2.708e-03 7.394e-04 6.716e-03 -1.000 1.527e-02 5.353 5.233 5.609 5.642 4.710
0.0152 7.750 0.9711725116 2.4666745663    0.971 -0.188  3.7505  4.567    0  0.000  0.538     0.00     0.00 -1 -4.31e-14      0.00 7.094e-01 2.753e-01 2.708e-03 7.393e-04 6.715e-03 -1.000 1.527e-02 5.240 5.115 5.476 5.507 4.606
0.0152 7.750 1.0000000000 2.4729156494    1.000 -0.130  3.7579  4.552    0  0.000  0.538     0.00     0.00 -1 -4.95e-14      0.00 7.094e-01 2.753e-01 2.708e-03 7.393e-04 6.715e-03 -1.000 1.527e-02 5.095 4.963 5.307 5.337 4.471
0.0152 7.750 1.0499999523 2.4828116894    1.050 -0.033  3.7696  4.523    0  0.000  0.538     0.00     0.00 -1 -5.81e-14      0.00 7.095e-01 2.753e-01 2.707e-03 7.391e-04 6.713e-03 -1.000 1.526e-02 4.852 4.714 5.032 5.059 4.249
0.0152 7.750 1.1000000238 2.4916803837    1.100  0.066  3.7807  4.488    0  0.000  0.538     0.00     0.00 -1 -6.81e-14      0.00 7.096e-01 2.751e-01 2.706e-03 7.389e-04 6.711e-03 -1.000 1.527e-02 4.606 4.465 4.758 4.782 4.027
0.0152 7.750 1.1499999762 2.4996678829    1.150  0.167  3.7927  4.454    0  0.000  0.538     0.00     0.00 -1 -8.02e-14      0.00 7.098e-01 2.750e-01 2.704e-03 7.385e-04 6.708e-03 -1.000 1.518e-02 4.352 4.211 4.479 4.500 3.802
0.0152 7.750 1.1553652287 2.5004780293    1.155  0.178  3.7940  4.450    0  0.000  0.538     0.00     0.00 -1 -8.15e-14      0.00 7.098e-01 2.750e-01 2.704e-03 7.385e-04 6.708e-03 -1.000 1.518e-02 4.324 4.184 4.449 4.470 3.777
0.0152 7.750 1.2000000477 2.5068950653    1.200  0.258  3.8027  4.422    0  0.000  0.538     0.00     0.00 -1  -9.1e-14      0.00 7.098e-01 2.749e-01 2.704e-03 7.384e-04 6.707e-03 -1.000 1.526e-02 4.124 3.985 4.233 4.252 3.600
0.0152 7.750 1.2500000000 2.5134611130    1.250  0.345  3.8124  4.392    0  0.000  0.538     0.00     0.00 -1 -1.01e-13      0.00 7.099e-01 2.749e-01 2.704e-03 7.384e-04 6.707e-03 -1.000 1.526e-02 3.909 3.772 4.001 4.018 3.410
0.0152 7.750 1.2999999523 2.5194499493    1.300  0.426  3.8216  4.364    0  0.000  0.538     0.00     0.00 -1  -1.1e-13      0.00 7.099e-01 2.748e-01 2.704e-03 7.383e-04 6.706e-03 -1.000 1.525e-02 3.705 3.571 3.783 3.798 3.229
0.0152 7.750 1.3500001431 2.5249314308    1.350  0.503  3.8310  4.342    0  0.000  0.538     0.00     0.00 -1 -1.16e-13      0.00 7.099e-01 2.748e-01 2.704e-03 7.383e-04 6.706e-03 -1.000 1.521e-02 3.513 3.380 3.575 3.590 3.060
0.0152 7.750 1.4000000954 2.5299651623    1.401  0.576  3.8407  4.323    0  0.000  0.538     0.00     0.00 -1 -1.18e-13      0.00 7.100e-01 2.748e-01 2.704e-03 7.383e-04 6.705e-03 -1.000 1.519e-02 3.330 3.200 3.380 3.393 2.902
0.0152 7.750 1.4500000477 2.5346016884    1.451  0.644  3.8515  4.314    0  0.000  0.538     0.00     0.00 -1 -1.15e-13      0.00 7.100e-01 2.748e-01 2.703e-03 7.382e-04 6.705e-03 -1.000 1.525e-02 3.160 3.035 3.197 3.210 2.762
0.0152 7.750 1.5000000000 2.5388846397    1.500  0.709  3.8636  4.312    0  0.000  0.538     0.00     0.00 -1 -1.05e-13      0.00 7.100e-01 2.747e-01 2.703e-03 7.381e-04 6.704e-03 -1.000 1.525e-02 2.997 2.878 3.021 3.032 2.633
0.0152 7.750 1.5499999523 2.5428512096    1.550  0.772  3.8769  4.316    0  0.000  0.538     0.00     0.00 -1 -8.92e-14      0.00 7.100e-01 2.747e-01 2.703e-03 7.380e-04 6.704e-03 -1.000 1.525e-02 2.841 2.730 2.853 2.864 2.517
0.0152 7.750 1.6000000238 2.5465342999    1.600  0.832  3.8901  4.322    0  0.000  0.538     0.00     0.00 -1 -6.69e-14      0.00 7.101e-01 2.747e-01 2.703e-03 7.380e-04 6.703e-03 -1.000 1.524e-02 2.689 2.589 2.692 2.702 2.408
0.0152 7.750 1.6500000954 2.5499615669    1.650  0.890  3.9026  4.328    0  0.000  0.538     0.00     0.00 -1 -3.74e-14      0.00 7.101e-01 2.746e-01 2.702e-03 7.379e-04 6.702e-03 -1.000 1.524e-02 2.545 2.458 2.544 2.553 2.308
0.0152 7.750 1.7000000477 2.5531582832    1.700  0.946  3.9146  4.333    0  0.000  0.538     0.00     0.00 -1    -1e-30      0.00 7.102e-01 2.746e-01 2.702e-03 7.378e-04 6.702e-03 -1.000 1.523e-02 2.406 2.335 2.404 2.412 2.215
0.0152 7.750 1.7500000000 2.5561456680    1.749  0.999  3.9259  4.337    0  0.000  0.538     0.00     0.00 -1    -1e-30      0.00 7.102e-01 2.746e-01 2.702e-03 7.378e-04 6.701e-03 -1.000 1.525e-02 2.272 2.221 2.274 2.280 2.128
0.0152 7.750 1.7999999523 2.5589430332    1.799  1.051  3.9365  4.340    0  0.000  0.538     0.00     0.00 -1    -1e-30      0.00 7.102e-01 2.746e-01 2.701e-03 7.377e-04 6.701e-03 -1.000 1.522e-02 2.142 2.115 2.154 2.160 2.046
0.0152 7.750 1.8500000238 2.5615673065    1.849  1.100  3.9465  4.343    1  0.000  0.538     0.00     0.00 -1    -1e-30      0.00 7.103e-01 2.745e-01 2.701e-03 7.377e-04 6.700e-03 -1.000 1.522e-02 2.020 2.019 2.048 2.052 1.970
0.0152 7.750 1.9000000954 2.5640332699    1.900  1.148  3.9560  4.344    1  0.000  0.538     0.00     0.00 -1    -1e-30      0.00 7.103e-01 2.745e-01 2.701e-03 7.376e-04 6.700e-03 -1.000 1.522e-02 1.900 1.929 1.948 1.951 1.896
0.0152 7.750 1.9500001669 2.5663545132    1.950  1.195  3.9651  4.346    1  0.000  0.538     0.00     0.00 -1    -1e-30      0.00 7.103e-01 2.745e-01 2.701e-03 7.376e-04 6.699e-03 -1.000 1.521e-02 1.784 1.844 1.856 1.858 1.827
0.0152 7.750 2.0000000000 2.5685424805    2.001  1.239  3.9738  4.347    1  0.000  0.537     0.00     0.00 -1    -1e-30      0.00 7.103e-01 2.744e-01 2.701e-03 7.375e-04 6.699e-03 -1.000 1.527e-02 1.672 1.766 1.770 1.771 1.761
0.0152 7.750 2.0381946564 2.5701313019    2.038  1.273  3.9800  4.347    1  0.000  0.538     0.00     0.00 -1    -1e-30      0.00 7.103e-01 2.744e-01 2.701e-03 7.375e-04 6.699e-03 -1.000 1.524e-02 1.588 1.708 1.708 1.708 1.711
0.0152 7.750 2.0499999523 2.5706083775    2.050  1.283  3.9819  4.347    1  0.000  0.538     0.00     0.00 -1    -1e-30      0.00 7.103e-01 2.744e-01 2.701e-03 7.375e-04 6.698e-03 -1.000 1.523e-02 1.563 1.691 1.689 1.689 1.696
0.0152 7.750 2.0999999046 2.5725615025    2.100  1.325  3.9896  4.345    1  0.000  0.538     0.00     0.00 -1    -1e-30      0.00 7.104e-01 2.744e-01 2.700e-03 7.374e-04 6.698e-03 -1.000 1.519e-02 1.457 1.618 1.611 1.610 1.633
0.0152 7.750 2.1220548153 2.5733895302    2.121  1.343  3.9930  4.345    1  0.000  0.538     0.00     0.00 -1    -1e-30      0.00 7.104e-01 2.744e-01 2.700e-03 7.374e-04 6.698e-03 -1.000 1.520e-02 1.411 1.588 1.579 1.577 1.607
0.0152 7.750 2.1500000954 2.5744106770    2.149  1.366  3.9973  4.345    1  0.000  0.537     0.00     0.00 -1    -1e-30      0.00 7.104e-01 2.744e-01 2.700e-03 7.374e-04 6.698e-03 -1.000 1.521e-02 1.354 1.550 1.538 1.536 1.573
0.0152 7.750 2.2000000477 2.5761635303    2.199  1.407  4.0043  4.343    1  0.000  0.538     0.00     0.00 -1    -1e-30      0.00 7.104e-01 2.744e-01 2.701e-03 7.373e-04 6.698e-03 -1.000 1.526e-02 1.253 1.481 1.466 1.463 1.512
0.0152 7.750 2.2500000000 2.5778269768    2.249  1.446  4.0111  4.341    1  0.000  0.538     0.00     0.00 -1    -1e-30      0.00 7.104e-01 2.744e-01 2.700e-03 7.373e-04 6.697e-03 -1.000 1.525e-02 1.155 1.416 1.396 1.392 1.453
0.0152 7.750 2.2999999523 2.5794074535    2.299  1.484  4.0178  4.338    1  0.000  0.538     0.00     0.00 -1    -1e-30      0.00 7.104e-01 2.744e-01 2.700e-03 7.373e-04 6.697e-03 -1.000 1.525e-02 1.060 1.352 1.329 1.324 1.396
0.0152 7.750 2.3733785152 2.5815889835    2.373  1.539  4.0271  4.335    1  0.000  0.538     0.00     0.00 -1    -1e-30      0.00 7.104e-01 2.744e-01 2.700e-03 7.373e-04 6.697e-03 -1.000 1.522e-02 0.923 1.261 1.233 1.227 1.313
0.0152 7.750 2.4000000954 2.5823426247    2.400  1.558  4.0304  4.334    1  0.000  0.538     0.00     0.00 -1    -1e-30      0.00 7.104e-01 2.744e-01 2.700e-03 7.373e-04 6.697e-03 -1.000 1.521e-02 0.875 1.228 1.199 1.193 1.283
0.0152 7.750 2.5999999046 2.5874414444    2.601  1.697  4.0533  4.322    1  0.000  0.538     0.00     0.00 -1    -1e-30      0.00 7.092e-01 2.755e-01 2.710e-03 7.399e-04 6.720e-03 -1.000 1.527e-02 0.528 0.997 0.958 0.948 1.068
0.0152 7.750 2.6477565765 2.5885286331    2.648  1.728  4.0584  4.318    1  0.000  0.538     0.00     0.00 -1    -1e-30      0.00 7.092e-01 2.755e-01 2.710e-03 7.399e-04 6.720e-03 -1.000 1.527e-02 0.449 0.944 0.903 0.893 1.018
0.0152 7.750 2.8000001907 2.5917119980    2.801  1.826  4.0740  4.307    1  0.000  0.538     0.00     0.00 -1    -1e-30      0.00 7.092e-01 2.755e-01 2.710e-03 7.399e-04 6.720e-03 -1.000 1.527e-02 0.205 0.780 0.734 0.722 0.865
0.0152 7.750 2.8091251850 2.5918900967    2.810  1.832  4.0749  4.307    1  0.000  0.538     0.00     0.00 -1    -1e-30      0.00 7.092e-01 2.755e-01 2.710e-03 7.399e-04 6.720e-03 -1.000 1.527e-02 0.191 0.771 0.724 0.712 0.856
0.0152 7.750 3.0000000000 2.5953342915    3.001  1.946  4.0928  4.292    1  0.000  0.538     0.00     0.00 -1    -1e-30      0.00 7.092e-01 2.755e-01 2.710e-03 7.399e-04 6.720e-03 -1.000 1.527e-02 -0.096 0.579 0.526 0.512 0.674
0.0152 7.750 3.0589225292 2.5962982178    3.060  1.980  4.0981  4.288    1  0.000  0.538     0.00     0.00 -1    -1e-30      0.00 7.092e-01 2.755e-01 2.710e-03 7.399e-04 6.720e-03 -1.000 1.527e-02 -0.181 0.522 0.467 0.452 0.620
0.0152 7.750 3.2000000477 2.5984411240    3.200  2.060  4.1102  4.276    1  0.000  0.538     0.00     0.00 -1    -1e-30      0.00 7.092e-01 2.755e-01 2.710e-03 7.399e-04 6.720e-03 -1.000 1.527e-02 -0.379 0.389 0.330 0.314 0.494
0.0152 7.750 3.4000000954 2.6011312008    3.399  2.167  4.1262  4.259    1  0.000  0.538     0.00     0.00 -1    -1e-30      0.00 7.092e-01 2.755e-01 2.710e-03 7.399e-04 6.720e-03 -1.000 1.527e-02 -0.647 0.210 0.146 0.128 0.324
0.0152 7.750 3.5440282822 2.6028537750    3.543  2.241  4.1370  4.247    1  0.000  0.538     0.00     0.00 -1    -1e-30      0.00 7.092e-01 2.755e-01 2.710e-03 7.399e-04 6.720e-03 -1.000 1.527e-02 -0.832 0.086 0.019 -0.000 0.206
0.0152 7.750 3.6000001431 2.6034805775    3.599  2.269  4.1411  4.242    1  0.000  0.538     0.00     0.00 -1    -1e-30      0.00 7.092e-01 2.755e-01 2.710e-03 7.399e-04 6.720e-03 -1.000 1.527e-02 -0.902 0.039 -0.030 -0.049 0.161
0.0152 7.750 3.7457225323 2.6050119400    3.745  2.340  4.1512  4.228    1  0.000  0.538     0.00     0.00 -1    -1e-30      0.00 7.092e-01 2.755e-01 2.710e-03 7.399e-04 6.720e-03 -1.000 1.527e-02 -1.080 -0.081 -0.153 -0.174 0.046
0.0152 7.750 3.8000001907 2.6055479050    3.799  2.366  4.1548  4.223    1  0.000  0.538     0.00     0.00 -1    -1e-30      0.00 7.092e-01 2.755e-01 2.710e-03 7.399e-04 6.720e-03 -1.000 1.527e-02 -1.145 -0.126 -0.199 -0.220 0.003
0.0152 7.750 3.8766574860 2.6062755585    3.877  2.402  4.1598  4.216    1  0.000  0.538     0.00     0.00 -1    -1e-30      0.00 7.092e-01 2.755e-01 2.710e-03 7.399e-04 6.720e-03 -1.000 1.527e-02 -1.235 -0.187 -0.262 -0.283 -0.055
0.0152 7.750 4.0000000000 2.6073791981    4.002  2.460  4.1675  4.203    1  0.000  0.538     0.00     0.00 -1    -1e-30      0.00 7.092e-01 2.755e-01 2.710e-03 7.399e-04 6.720e-03 -1.000 1.527e-02 -1.379 -0.287 -0.364 -0.386 -0.151
0.0152 7.750 4.1518750191 2.6086351871    4.151  2.529  4.1765  4.185    1  0.000  0.538     0.00     0.00 -1    -1e-30      0.00 7.092e-01 2.755e-01 2.710e-03 7.399e-04 6.720e-03 -1.000 1.527e-02 -1.552 -0.408 -0.487 -0.511 -0.267
0.0152 7.750 4.1999998093 2.6090114117    4.199  2.550  4.1792  4.180    1  0.000  0.538     0.00     0.00 -1    -1e-30      0.00 7.092e-01 2.755e-01 2.710e-03 7.399e-04 6.720e-03 -1.000 1.527e-02 -1.606 -0.446 -0.526 -0.550 -0.304
0.0152 7.750 4.3843951225 2.6103656292    4.383  2.631  4.1892  4.157    1  0.000  0.538     0.00     0.00 -1    -1e-30      0.00 7.092e-01 2.755e-01 2.710e-03 7.399e-04 6.720e-03 -1.000 1.527e-02 -1.809 -0.591 -0.674 -0.699 -0.443
0.0152 7.750 4.4000000954 2.6104743481    4.398  2.638  4.1900  4.155    1  0.000  0.538     0.00     0.00 -1    -1e-30      0.00 7.092e-01 2.755e-01 2.710e-03 7.399e-04 6.720e-03 -1.000 1.527e-02 -1.826 -0.603 -0.686 -0.711 -0.455
0.0152 7.750 4.4815692902 2.6110279560    4.480  2.673  4.1941  4.145    1  0.000  0.538     0.00     0.00 -1    -1e-30      0.00 7.092e-01 2.755e-01 2.710e-03 7.399e-04 6.720e-03 -1.000 1.527e-02 -1.913 -0.666 -0.751 -0.776 -0.515
0.0152 7.750 4.5999999046 2.6117916107    4.599  2.723  4.1998  4.129    1  0.000  0.538     0.00     0.00 -1    -1e-30      0.00 7.092e-01 2.755e-01 2.710e-03 7.399e-04 6.720e-03 -1.000 1.527e-02 -2.038 -0.758 -0.845 -0.871 -0.604
0.0152 7.750 4.6068978310 2.6118347645    4.606  2.726  4.2001  4.128    1  0.000  0.538     0.00     0.00 -1    -1e-30      0.00 7.092e-01 2.755e-01 2.710e-03 7.399e-04 6.720e-03 -1.000 1.527e-02 -2.045 -0.763 -0.850 -0.876 -0.610
0.0152 7.750 4.7989149094 2.6129775047    4.798  2.807  4.2085  4.099    1  0.000  0.538     0.00     0.00 -1    -1e-30      0.00 7.092e-01 2.755e-01 2.710e-03 7.399e-04 6.720e-03 -1.000 1.527e-02 -2.246 -0.916 -1.005 -1.032 -0.757
0.0152 7.750 4.8000001907 2.6129837036    4.799  2.807  4.2086  4.098    1  0.000  0.538     0.00     0.00 -1    -1e-30      0.00 7.092e-01 2.755e-01 2.710e-03 7.399e-04 6.720e-03 -1.000 1.527e-02 -2.247 -0.916 -1.006 -1.033 -0.758
0.0152 7.750 4.8634862900 2.6133387089    4.863  2.833  4.2112  4.088    1  0.000  0.538     0.00     0.00 -1    -1e-30      0.00 7.092e-01 2.755e-01 2.710e-03 7.399e-04 6.720e-03 -1.000 1.527e-02 -2.313 -0.967 -1.057 -1.084 -0.807
0.0152 7.750 5.0000000000 2.6140668392    5.000  2.890  4.2162  4.064    1  0.000  0.538     0.00     0.00 -1    -1e-30      0.00 7.092e-01 2.755e-01 2.710e-03 7.399e-04 6.720e-03 -1.000 1.527e-02 -2.455 -1.079 -1.171 -1.199 -0.917
0.0152 7.750 5.0137219429 2.6141374111    5.014  2.895  4.2167  4.061    1  0.000  0.538     0.00     0.00 -1    -1e-30      0.00 7.092e-01 2.755e-01 2.710e-03 7.399e-04 6.720e-03 -1.000 1.527e-02 -2.469 -1.091 -1.182 -1.210 -0.928
0.0152 7.750 5.1653470993 2.6148896217    5.167  2.958  4.2216  4.032    1  0.000  0.538     0.00     0.00 -1    -1e-30      0.00 7.092e-01 2.755e-01 2.710e-03 7.399e-04 6.720e-03 -1.000 1.527e-02 -2.624 -1.217 -1.311 -1.339 -1.052
0.0152 7.750 5.1999998093 2.6150546074    5.201  2.972  4.2226  4.025    1  0.000  0.538     0.00     0.00 -1    -1e-30      0.00 7.092e-01 2.755e-01 2.710e-03 7.399e-04 6.720e-03 -1.000 1.527e-02 -2.659 -1.247 -1.341 -1.369 -1.081
0.0152 7.750 5.3041372299 2.6155350208    5.306  3.014  4.2254  4.002    1  0.000  0.538     0.00     0.00 -1    -1e-30      0.00 7.092e-01 2.755e-01 2.710e-03 7.399e-04 6.720e-03 -1.000 1.527e-02 -2.764 -1.336 -1.431 -1.460 -1.168
0.0152 7.750 5.3999996185 2.6159586906    5.402  3.053  4.2274  3.980    1  0.000  0.538     0.00     0.00 -1    -1e-30      0.00 7.092e-01 2.755e-01 2.710e-03 7.399e-04 6.720e-03 -1.000 1.527e-02 -2.862 -1.422 -1.517 -1.546 -1.253
0.0152 7.750 5.4311518669 2.6160926819    5.433  3.065  4.2281  3.972    1  0.000  0.538     0.00     0.00 -1    -1e-30      0.00 7.092e-01 2.755e-01 2.710e-03 7.399e-04 6.720e-03 -1.000 1.527e-02 -2.893 -1.450 -1.545 -1.575 -1.280
0.0152 7.750 5.5366282463 2.6165332794    5.539  3.109  4.2295  3.943    1  0.000  0.538     0.00     0.00 -1    -1e-30      0.00 7.092e-01 2.755e-01 2.710e-03 7.399e-04 6.720e-03 -1.000 1.527e-02 -3.002 -1.551 -1.647 -1.676 -1.380
0.0152 7.750 5.5999994278 2.6167888641    5.602  3.135  4.2301  3.924    1  0.000  0.538     0.00     0.00 -1    -1e-30      0.00 7.092e-01 2.755e-01 2.710e-03 7.399e-04 6.720e-03 -1.000 1.527e-02 -3.068 -1.613 -1.709 -1.739 -1.442
0.0152 7.750 5.6579256058 2.6170167923    5.660  3.159  4.2305  3.906    1  0.000  0.538     0.00     0.00 -1    -1e-30      0.00 7.092e-01 2.755e-01 2.710e-03 7.399e-04 6.720e-03 -1.000 1.527e-02 -3.127 -1.671 -1.767 -1.797 -1.500
0.0152 7.750 5.7956137657 2.6175374985    5.798  3.216  4.2302  3.858    1  0.000  0.538     0.00     0.00 -1    -1e-30      0.00 7.092e-01 2.755e-01 2.710e-03 7.399e-04 6.720e-03 -1.000 1.527e-02 -3.270 -1.816 -1.913 -1.943 -1.646
0.0152 7.750 5.8000001907 2.6175537109    5.802  3.218  4.2302  3.856    1  0.000  0.538     0.00     0.00 -1    -1e-30      0.00 7.092e-01 2.755e-01 2.710e-03 7.399e-04 6.720e-03 -1.000 1.527e-02 -3.275 -1.821 -1.918 -1.948 -1.651
0.0152 7.750 5.8377895355 2.6176912785    5.840  3.234  4.2299  3.842    1  0.000  0.538     0.00     0.00 -1    -1e-30      0.00 7.092e-01 2.755e-01 2.710e-03 7.399e-04 6.720e-03 -1.000 1.527e-02 -3.314 -1.862 -1.959 -1.988 -1.692
0.0152 7.750 5.9475851059 2.6180801392    5.950  3.280  4.2278  3.796    1  0.000  0.538     0.00     0.00 -1    -1e-30      0.00 7.092e-01 2.755e-01 2.710e-03 7.399e-04 6.720e-03 -1.000 1.527e-02 -3.430 -1.992 -2.087 -2.117 -1.822
0.0152 7.750 6.0000000000 2.6182601452    6.002  3.302  4.2262  3.771    1  0.000  0.538     0.00     0.00 -1    -1e-30      0.00 7.092e-01 2.755e-01 2.710e-03 7.399e-04 6.720e-03 -1.000 1.527e-02 -3.486 -2.057 -2.153 -2.183 -1.889
0.0152 7.750 6.0462522507 2.6184158325    6.048  3.322  4.2246  3.748    1  0.000  0.538     0.00     0.00 -1    -1e-30      0.00 7.092e-01 2.755e-01 2.710e-03 7.399e-04 6.720e-03 -1.000 1.527e-02 -3.535 -2.116 -2.211 -2.241 -1.949
0.0152 7.750 6.1369738579 2.6187133789    6.139  3.361  4.2201  3.697    1  0.000  0.538     0.00     0.00 -1    -1e-30      0.00 7.092e-01 2.755e-01 2.710e-03 7.399e-04 6.720e-03 -1.000 1.527e-02 -3.633 -2.242 -2.336 -2.365 -2.077
0.0152 7.750 6.1999998093 2.6189143658    6.201  3.390  4.2158  3.656    1  0.000  0.538     0.00     0.00 -1    -1e-30      0.00 7.092e-01 2.755e-01 2.710e-03 7.399e-04 6.720e-03 -1.000 1.527e-02 -3.704 -2.339 -2.431 -2.460 -2.176
0.0152 7.750 6.2461252213 2.6190583706    6.247  3.410  4.2124  3.625    1  0.000  0.538     0.00     0.00 -1    -1e-30      0.00 7.092e-01 2.755e-01 2.710e-03 7.399e-04 6.720e-03 -1.000 1.527e-02 -3.755 -2.410 -2.502 -2.531 -2.250
0.0152 7.750 6.3248448372 2.6192986965    6.326  3.446  4.2052  3.566    1  0.000  0.538     0.00     0.00 -1    -1e-30      0.00 7.092e-01 2.755e-01 2.710e-03 7.399e-04 6.720e-03 -1.000 1.527e-02 -3.845 -2.543 -2.633 -2.661 -2.386
0.0152 7.750 6.3952198029 2.6195077896    6.396  3.480  4.1974  3.506    1  0.000  0.538     0.00     0.00 -1    -1e-30      0.00 7.092e-01 2.755e-01 2.710e-03 7.399e-04 6.720e-03 -1.000 1.527e-02 -3.929 -2.674 -2.762 -2.789 -2.521
0.0152 7.750 6.4000000954 2.6195218563    6.400  3.482  4.1969  3.502    1  0.000  0.538     0.00     0.00 -1    -1e-30      0.00 7.092e-01 2.755e-01 2.710e-03 7.399e-04 6.720e-03 -1.000 1.527e-02 -3.935 -2.683 -2.770 -2.798 -2.531
0.0152 7.750 6.4625158310 2.6197028160    6.463  3.515  4.1908  3.449    1  0.000  0.538     0.00     0.00 -1    -1e-30      0.00 7.092e-01 2.755e-01 2.710e-03 7.399e-04 6.720e-03 -1.000 1.527e-02 -4.017 -2.800 -2.886 -2.913 -2.652
0.0152 7.750 6.4857892990 2.6197690964    6.486  3.527  4.1891  3.431    1  0.000  0.538     0.00     0.00 -1    -1e-30      0.00 7.092e-01 2.755e-01 2.710e-03 7.399e-04 6.720e-03 -1.000 1.527e-02 -4.049 -2.842 -2.928 -2.955 -2.695
0.0152 7.750 6.5078115463 2.6198315620    6.508  3.545  4.1945  3.437    1  0.000  0.538     0.00     0.00 -1    -1e-30      0.00 7.092e-01 2.755e-01 2.710e-03 7.399e-04 6.720e-03 -1.000 1.527e-02 -4.092 -2.854 -2.941 -2.969 -2.704
0.0152 7.750 6.5227975845 2.6198735237    6.523  3.563  4.2053  3.463    1  0.000  0.538     0.00     0.00 -1    -1e-30      0.00 7.092e-01 2.755e-01 2.710e-03 7.399e-04 6.720e-03 -1.000 1.527e-02 -4.137 -2.836 -2.926 -2.954 -2.679
0.0152 7.750 6.5277576447 2.6198873520    6.527  3.576  4.2163  3.494    1  0.000  0.538     0.00     0.00 -1    -1e-30      0.00 7.092e-01 2.755e-01 2.710e-03 7.399e-04 6.720e-03 -1.000 1.527e-02 -4.171 -2.805 -2.899 -2.928 -2.642
0.0152 7.750 6.5300655365 2.6198940277    6.530  3.592  4.2274  3.523    1  0.000  0.538     0.00     0.00 -1    -1e-30      0.00 7.092e-01 2.755e-01 2.710e-03 7.399e-04 6.720e-03 -1.000 1.527e-02 -4.209 -2.778 -2.875 -2.905 -2.609
0.0152 7.750 6.5312075615 2.6198971272    6.531  3.608  4.2372  3.546    1  0.000  0.538     0.00     0.00 -1    -1e-30      0.00 7.092e-01 2.755e-01 2.710e-03 7.399e-04 6.720e-03 -1.000 1.527e-02 -4.251 -2.763 -2.862 -2.893 -2.588
0.0152 7.750 6.5319499969 2.6198992729    6.532  3.625  4.2458  3.563    1  0.000  0.538     0.00     0.00 -1    -1e-30      0.00 7.092e-01 2.755e-01 2.710e-03 7.399e-04 6.720e-03 -1.000 1.527e-02 -4.292 -2.754 -2.856 -2.888 -2.575
0.0152 7.750 6.5320391655 2.6198995113    6.532  3.626  4.2466  3.565    1  0.000  0.538     0.00     0.00 -1    -1e-30      0.00 7.092e-01 2.755e-01 2.710e-03 7.399e-04 6.720e-03 -1.000 1.527e-02 -4.295 -2.752 -2.855 -2.887 -2.573
0.0152 7.750 6.5323419571 2.6199002266    6.532  3.604  4.2397  3.560    2  0.000  0.538     0.00     0.00 -1    -1e-30      0.00 7.092e-01 2.755e-01 2.710e-03 7.399e-04 6.720e-03 -1.000 1.527e-02 -4.239 -2.736 -2.836 -2.868 -2.560
0.0152 7.750 6.5325856209 2.6199009418    6.532  3.584  4.2315  3.547    2  0.000  0.538     0.00     0.00 -1    -1e-30      0.00 7.092e-01 2.755e-01 2.710e-03 7.399e-04 6.720e-03 -1.000 1.527e-02 -4.190 -2.735 -2.833 -2.864 -2.564
0.0152 7.750 6.5327973366 2.6199016571    6.533  3.572  4.2217  3.520    2  0.000  0.538     0.00     0.00 -1    -1e-30      0.00 7.092e-01 2.755e-01 2.710e-03 7.399e-04 6.720e-03 -1.000 1.527e-02 -4.160 -2.763 -2.858 -2.887 -2.597
0.0152 7.750 6.5330471992 2.6199023724    6.533  3.569  4.2092  3.473    2  0.000  0.538     0.00     0.00 -1    -1e-30      0.00 7.092e-01 2.755e-01 2.710e-03 7.399e-04 6.720e-03 -1.000 1.527e-02 -4.152 -2.828 -2.920 -2.948 -2.670
0.0152 7.750 6.5332922935 2.6199028492    6.533  3.576  4.1972  3.418    2  0.000  0.538     0.00     0.00 -1    -1e-30      0.00 7.092e-01 2.755e-01 2.710e-03 7.399e-04 6.720e-03 -1.000 1.527e-02 -4.170 -2.917 -3.005 -3.032 -2.765
0.0152 7.750 6.5335412025 2.6199035645    6.533  3.587  4.1852  3.359    2  0.000  0.538     0.00     0.00 -1    -1e-30      0.00 7.092e-01 2.755e-01 2.710e-03 7.399e-04 6.720e-03 -1.000 1.527e-02 -4.197 -3.014 -3.098 -3.125 -2.869
0.0152 7.750 6.5337929726 2.6199042797    6.534  3.597  4.1733  3.301    2  0.000  0.538     0.00     0.00 -1    -1e-30      0.00 7.092e-01 2.755e-01 2.710e-03 7.399e-04 6.720e-03 -1.000 1.527e-02 -4.223 -3.109 -3.190 -3.216 -2.972
0.0152 7.750 6.5340456963 2.6199049950    6.534  3.605  4.1614  3.245    2  0.000  0.538     0.00     0.00 -1    -1e-30      0.00 7.092e-01 2.755e-01 2.710e-03 7.399e-04 6.720e-03 -1.000 1.527e-02 -4.243 -3.199 -3.276 -3.301 -3.068
0.0152 7.750 6.5342969894 2.6199057102    6.534  3.611  4.1495  3.192    2  0.000  0.538     0.00     0.00 -1    -1e-30      0.00 7.092e-01 2.755e-01 2.710e-03 7.399e-04 6.720e-03 -1.000 1.527e-02 -4.258 -3.283 -3.356 -3.380 -3.159
0.0152 7.750 6.5345449448 2.6199064255    6.534  3.616  4.1376  3.140    2  0.000  0.538     0.00     0.00 -1    -1e-30      0.00 7.092e-01 2.755e-01 2.710e-03 7.399e-04 6.720e-03 -1.000 1.527e-02 -4.269 -3.361 -3.431 -3.453 -3.244
0.0152 7.750 6.5347876549 2.6199071407    6.534  3.619  4.1258  3.090    2  0.000  0.538     0.00     0.00 -1    -1e-30      0.00 7.092e-01 2.755e-01 2.710e-03 7.399e-04 6.720e-03 -1.000 1.527e-02 -4.276 -3.435 -3.501 -3.523 -3.325
0.0152 7.750 6.5350236893 2.6199078560    6.535  3.620  4.1140  3.041    2  0.000  0.538     0.00     0.00 -1    -1e-30      0.00 7.092e-01 2.755e-01 2.710e-03 7.399e-04 6.720e-03 -1.000 1.527e-02 -4.281 -3.506 -3.568 -3.589 -3.403
0.0152 7.750 6.5352530479 2.6199083328    6.535  3.621  4.1022  2.993    2  0.000  0.538     0.00     0.00 -1    -1e-30      0.00 7.092e-01 2.755e-01 2.710e-03 7.399e-04 6.720e-03 -1.000 1.527e-02 -4.283 -3.573 -3.632 -3.651 -3.478
0.0152 7.750 6.5354743004 2.6199090481    6.535  3.621  4.0904  2.946    2  0.000  0.538     0.00     0.00 -1    -1e-30      0.00 7.092e-01 2.755e-01 2.710e-03 7.399e-04 6.720e-03 -1.000 1.527e-02 -4.282 -3.637 -3.692 -3.710 -3.549
0.0152 7.750 6.5357394218 2.6199097633    6.535  3.620  4.0756  2.888    2  0.000  0.538     0.00     0.00 -1    -1e-30      0.00 7.092e-01 2.755e-01 2.710e-03 7.399e-04 6.720e-03 -1.000 1.527e-02 -4.280 -3.712 -3.762 -3.779 -3.633
0.0152 7.750 6.5359416008 2.6199102402    6.536  3.618  4.0639  2.842    2  0.000  0.538     0.00     0.00 -1    -1e-30      0.00 7.092e-01 2.755e-01 2.710e-03 7.399e-04 6.720e-03 -1.000 1.527e-02 -4.276 -3.769 -3.815 -3.831 -3.698
0.0152 7.750 6.5361351967 2.6199109554    6.536  3.616  4.0521  2.797    2  0.000  0.538     0.00     0.00 -1    -1e-30      0.00 7.092e-01 2.755e-01 2.710e-03 7.399e-04 6.720e-03 -1.000 1.527e-02 -4.271 -3.824 -3.865 -3.880 -3.760
0.0152 7.750 6.5363202095 2.6199114323    6.536  3.614  4.0403  2.753    2  0.000  0.538     0.00     0.00 -1    -1e-30      0.00 7.092e-01 2.755e-01 2.710e-03 7.399e-04 6.720e-03 -1.000 1.527e-02 -4.264 -3.876 -3.913 -3.926 -3.819
0.0152 7.750 6.5364961624 2.6199119091    6.536  3.611  4.0286  2.709    2  0.000  0.538     0.00     0.00 -1    -1e-30      0.00 7.092e-01 2.755e-01 2.710e-03 7.399e-04 6.720e-03 -1.000 1.527e-02 -4.257 -3.925 -3.958 -3.970 -3.876
0.0152 7.750 6.5366644859 2.6199123859    6.536  3.607  4.0168  2.665    2  0.000  0.538     0.00     0.00 -1    -1e-30      0.00 7.092e-01 2.755e-01 2.710e-03 7.399e-04 6.720e-03 -1.000 1.527e-02 -4.248 -3.972 -4.001 -4.011 -3.931
0.0152 7.750 6.5368237495 2.6199128628    6.537  3.603  4.0050  2.622    2  0.000  0.538     0.00     0.00 -1    -1e-30      0.00 7.092e-01 2.755e-01 2.710e-03 7.399e-04 6.720e-03 -1.000 1.527e-02 -4.239 -4.016 -4.041 -4.050 -3.983
0.0152 7.750 6.5370125771 2.6199133396    6.537  3.598  3.9903  2.568    2  0.000  0.538     0.00     0.00 -1    -1e-30      0.00 7.092e-01 2.755e-01 2.710e-03 7.399e-04 6.720e-03 -1.000 1.527e-02 -4.226 -4.069 -4.088 -4.095 -4.046
0.0152 7.750 6.5371551514 2.6199138165    6.537  3.594  3.9786  2.526    2  0.000  0.538     0.00     0.00 -1    -1e-30      0.00 7.092e-01 2.755e-01 2.710e-03 7.399e-04 6.720e-03 -1.000 1.527e-02 -4.214 -4.108 -4.122 -4.128 -4.094
0.0152 7.750 6.5372900963 2.6199140549    6.537  3.589  3.9670  2.484    2  0.000  0.538     0.00     0.00 -1    -1e-30      0.00 7.092e-01 2.755e-01 2.710e-03 7.399e-04 6.720e-03 -1.000 1.527e-02 -4.203 -4.145 -4.153 -4.157 -4.140
0.0152 7.750 6.5374197960 2.6199145317    6.537  3.584  3.9553  2.442    2  0.000  0.538     0.00     0.00 -1    -1e-30      0.00 7.092e-01 2.755e-01 2.710e-03 7.399e-04 6.720e-03 -1.000 1.527e-02 -4.190 -4.178 -4.180 -4.183 -4.185
0.0152 7.750 6.5375428200 2.6199147701    6.537  3.579  3.9436  2.401    2  0.000  0.538     0.00     0.00 -1    -1e-30      0.00 7.092e-01 2.755e-01 2.710e-03 7.399e-04 6.720e-03 -1.000 1.527e-02 -4.177 -4.207 -4.202 -4.203 -4.228
0.0152 7.750 6.5376596451 2.6199150085    6.537  3.574  3.9320  2.360    2  0.000  0.538     0.00     0.00 -1    -1e-30      0.00 7.092e-01 2.755e-01 2.710e-03 7.399e-04 6.720e-03 -1.000 1.527e-02 -4.164 -4.233 -4.219 -4.219 -4.268
0.0152 7.750 6.5377712250 2.6199154854    6.537  3.568  3.9203  2.319    2  0.000  0.538     0.00     0.00 -1    -1e-30      0.00 7.092e-01 2.755e-01 2.710e-03 7.399e-04 6.720e-03 -1.000 1.527e-02 -4.150 -4.251 -4.227 -4.225 -4.304
0.0152 7.750 6.5378775597 2.6199157238    6.538  3.562  3.9086  2.278    2  0.000  0.538     0.00     0.00 -1    -1e-30      0.00 7.092e-01 2.755e-01 2.710e-03 7.399e-04 6.720e-03 -1.000 1.527e-02 -4.136 -4.263 -4.228 -4.224 -4.338
0.0152 7.750 6.5379781723 2.6199159622    6.538  3.556  3.8970  2.237    2  0.000  0.538     0.00     0.00 -1    -1e-30      0.00 7.092e-01 2.755e-01 2.710e-03 7.399e-04 6.720e-03 -1.000 1.527e-02 -4.121 -4.270 -4.220 -4.215 -4.368
0.0152 7.750 6.5380744934 2.6199162006    6.538  3.550  3.8853  2.196    2  0.000  0.538     0.00     0.00 -1    -1e-30      0.00 7.092e-01 2.755e-01 2.710e-03 7.399e-04 6.720e-03 -1.000 1.527e-02 -4.106 -4.271 -4.206 -4.198 -4.395
0.0152 7.750 6.5381650925 2.6199164391    6.538  3.544  3.8736  2.156    2  0.000  0.538     0.00     0.00 -1    -1e-30      0.00 7.092e-01 2.755e-01 2.710e-03 7.399e-04 6.720e-03 -1.000 1.527e-02 -4.090 -4.267 -4.184 -4.175 -4.421
0.0152 7.750 6.5382518768 2.6199166775    6.538  3.538  3.8619  2.115    2  0.000  0.538     0.00     0.00 -1    -1e-30      0.00 7.092e-01 2.755e-01 2.710e-03 7.399e-04 6.720e-03 -1.000 1.527e-02 -4.075 -4.260 -4.158 -4.147 -4.445
0.0152 7.750 6.5383334160 2.6199169159    6.538  3.532  3.8503  2.075    2  0.000  0.538     0.00     0.00 -1    -1e-30      0.00 7.092e-01 2.755e-01 2.710e-03 7.399e-04 6.720e-03 -1.000 1.527e-02 -4.059 -4.250 -4.125 -4.112 -4.468
0.0152 7.750 6.5384111404 2.6199171543    6.538  3.525  3.8388  2.035    2  0.000  0.538     0.00     0.00 -1    -1e-30      0.00 7.092e-01 2.755e-01 2.710e-03 7.399e-04 6.720e-03 -1.000 1.527e-02 -4.043 -4.237 -4.089 -4.074 -4.488
0.0152 7.750 6.5384855270 2.6199173927    6.538  3.519  3.8271  1.995    2  0.000  0.538     0.00     0.00 -1    -1e-30      0.00 7.092e-01 2.755e-01 2.710e-03 7.399e-04 6.720e-03 -1.000 1.527e-02 -4.027 -4.221 -4.049 -4.032 -4.506
0.0152 7.750 6.5385556221 2.6199176311    6.538  3.512  3.8156  1.956    2  0.000  0.538     0.00     0.00 -1    -1e-30      0.00 7.092e-01 2.755e-01 2.710e-03 7.399e-04 6.720e-03 -1.000 1.527e-02 -4.010 -4.201 -4.006 -3.987 -4.519
0.0152 7.750 6.5386228561 2.6199178696    6.538  3.505  3.8040  1.916    2  0.000  0.538     0.00     0.00 -1    -1e-30      0.00 7.092e-01 2.755e-01 2.710e-03 7.399e-04 6.720e-03 -1.000 1.527e-02 -3.993 -4.182 -3.961 -3.939 -4.532
0.0152 7.750 6.5386862755 2.6199178696    6.538  3.498  3.7925  1.877    2  0.000  0.538     0.00     0.00 -1    -1e-30      0.00 7.092e-01 2.755e-01 2.710e-03 7.399e-04 6.720e-03 -1.000 1.527e-02 -3.976 -4.158 -3.911 -3.887 -4.541
0.0152 7.750 6.5387468338 2.6199181080    6.538  3.491  3.7810  1.838    2  0.000  0.538     0.00     0.00 -1    -1e-30      0.00 7.092e-01 2.755e-01 2.710e-03 7.399e-04 6.720e-03 -1.000 1.527e-02 -3.958 -4.133 -3.858 -3.832 -4.549
0.0152 7.750 6.5388045311 2.6199183464    6.538  3.484  3.7696  1.800    2  0.000  0.538     0.00     0.00 -1    -1e-30      0.00 7.092e-01 2.755e-01 2.710e-03 7.399e-04 6.720e-03 -1.000 1.527e-02 -3.940 -4.104 -3.797 -3.769 -4.556
0.0152 7.750 6.5388588905 2.6199185848    6.539  3.477  3.7582  1.761    2  0.000  0.538     0.00     0.00 -1    -1e-30      0.00 7.092e-01 2.755e-01 2.710e-03 7.399e-04 6.720e-03 -1.000 1.527e-02 -3.922 -4.073 -3.736 -3.705 -4.556
0.0152 7.750 6.5389108658 2.6199185848    6.539  3.469  3.7469  1.724    2  0.000  0.538     0.00     0.00 -1    -1e-30      0.00 7.092e-01 2.755e-01 2.710e-03 7.399e-04 6.720e-03 -1.000 1.527e-02 -3.903 -4.040 -3.674 -3.641 -4.552
0.0152 7.750 6.5389604568 2.6199188232    6.539  3.462  3.7357  1.687    2  0.000  0.538     0.00     0.00 -1    -1e-30      0.00 7.092e-01 2.755e-01 2.710e-03 7.399e-04 6.720e-03 -1.000 1.527e-02 -3.884 -4.002 -3.608 -3.572 -4.542
0.0152 7.750 6.5390071869 2.6199188232    6.539  3.454  3.7249  1.651    2  0.000  0.538     0.00     0.00 -1    -1e-30      0.00 7.092e-01 2.755e-01 2.710e-03 7.399e-04 6.720e-03 -1.000 1.527e-02 -3.864 -3.962 -3.539 -3.501 -4.528
0.0152 7.750 6.5390539169 2.6199190617    6.539  3.445  3.7146  1.619    2  0.000  0.538     0.00     0.00 -1    -1e-30      0.00 7.092e-01 2.755e-01 2.710e-03 7.399e-04 6.720e-03 -1.000 1.527e-02 -3.843 -3.918 -3.469 -3.429 -4.508
0.0152 7.750 6.5391016006 2.6199190617    6.539  3.436  3.7047  1.588    2  0.000  0.538     0.00     0.00 -1    -1e-30      0.00 7.092e-01 2.755e-01 2.710e-03 7.399e-04 6.720e-03 -1.000 1.527e-02 -3.820 -3.870 -3.395 -3.353 -4.483
0.0152 7.750 6.5391540527 2.6199193001    6.539  3.424  3.6949  1.561    2  0.000  0.538     0.00     0.00 -1    -1e-30      0.00 7.092e-01 2.755e-01 2.710e-03 7.399e-04 6.720e-03 -1.000 1.527e-02 -3.791 -3.814 -3.314 -3.271 -4.449
0.0152 7.750 6.5392160416 2.6199195385    6.539  3.410  3.6861  1.539    2  0.000  0.538     0.00     0.00 -1    -1e-30      0.00 7.092e-01 2.755e-01 2.710e-03 7.399e-04 6.720e-03 -1.000 1.527e-02 -3.756 -3.752 -3.229 -3.185 -4.406
0.0152 7.750 6.5393099785 2.6199197769    6.539  3.389  3.6768  1.524    2  0.000  0.538     0.00     0.00 -1    -1e-30      0.00 7.092e-01 2.755e-01 2.710e-03 7.399e-04 6.720e-03 -1.000 1.527e-02 -3.703 -3.671 -3.128 -3.083 -4.340
0.0152 7.750 6.5394167900 2.6199200153    6.539  3.364  3.6685  1.515    2  0.000  0.538     0.00     0.00 -1    -1e-30      0.00 7.092e-01 2.755e-01 2.710e-03 7.399e-04 6.720e-03 -1.000 1.527e-02 -3.641 -3.581 -3.021 -2.975 -4.264
0.0152 7.750 6.5395317078 2.6199202538    6.539  3.342  3.6603  1.504    2  0.000  0.538     0.00     0.00 -1    -1e-30      0.00 7.092e-01 2.755e-01 2.710e-03 7.399e-04 6.720e-03 -1.000 1.527e-02 -3.586 -3.494 -2.917 -2.870 -4.192
0.0152 7.750 6.5396146774 2.6199204922    6.539  3.334  3.6546  1.490    2  0.000  0.538     0.00     0.00 -1    -1e-30      0.00 7.092e-01 2.755e-01 2.710e-03 7.399e-04 6.720e-03 -1.000 1.527e-02 -3.566 -3.449 -2.857 -2.810 -4.159
0.0152 7.750 6.5397024155 2.6199207306    6.539  3.344  3.6484  1.455    3  0.000  0.538     0.00     0.00 -1    -1e-30      0.00 7.092e-01 2.755e-01 2.710e-03 7.399e-04 6.720e-03 -1.000 1.527e-02 -3.590 -3.445 -2.833 -2.785 -4.169
0.0152 7.750 6.5398159027 2.6199212074    6.539  3.381  3.6396  1.383    3  0.000  0.537     0.00     0.00 -1    -1e-30      0.00 7.092e-01 2.755e-01 2.708e-03 7.403e-04 6.720e-03 -1.000 1.527e-02 -3.682 -3.494 -2.852 -2.804 -4.240
0.0152 7.750 6.5398921967 2.6199214458    6.540  3.422  3.6334  1.317    3  0.000  0.534     0.00     0.00 -1    -1e-30      0.00 7.092e-01 2.755e-01 2.692e-03 7.457e-04 6.720e-03 -1.000 1.527e-02 -3.785 -3.563 -2.899 -2.850 -4.325
0.0152 7.750 6.5399522781 2.6199214458    6.540  3.460  3.6285  1.260    3  0.000  0.523     0.00     0.00 -1    -1e-30      0.00 7.092e-01 2.756e-01 2.636e-03 7.799e-04 6.720e-03 -1.000 1.528e-02 -3.880 -3.632 -2.950 -2.900 -4.408
0.0152 7.750 6.5400071144 2.6199216843    6.540  3.496  3.6243  1.207    3  0.000  0.501     0.00     0.00 -1    -1e-30      0.00 7.091e-01 2.756e-01 2.527e-03 8.819e-04 6.720e-03 -1.000 1.528e-02 -3.970 -3.698 -2.999 -2.949 -4.485
0.0152 7.750 6.5400481224 2.6199216843    6.540  3.522  3.6213  1.169    3  0.000  0.482     0.00     0.00 -1    -1e-30      0.00 7.091e-01 2.756e-01 2.428e-03 9.922e-04 6.720e-03 -1.000 1.527e-02 -4.034 -3.745 -3.034 -2.984 -4.540
0.0152 7.750 6.5400781631 2.6199219227    6.540  3.539  3.6196  1.145    3  0.000  0.468     0.00     0.00 -1    -1e-30      0.00 7.091e-01 2.756e-01 2.361e-03 1.074e-03 6.720e-03 -1.000 1.527e-02 -4.078 -3.778 -3.060 -3.009 -4.578
0.0152 7.750 6.5401463509 2.6199221611    6.540  3.573  3.6161  1.097    3  0.000  0.447     0.00     0.00 -1    -1e-30      0.00 7.090e-01 2.756e-01 2.253e-03 1.207e-03 6.720e-03 -1.000 1.537e-02 -4.161 -3.840 -3.106 -3.055 -4.650
0.0152 7.750 6.5401644707 2.6199221611    6.540  3.579  3.6154  1.088    3  0.000  0.443     0.00     0.00 -1    -1e-30      0.00 7.090e-01 2.756e-01 2.234e-03 1.230e-03 6.720e-03 -1.000 1.537e-02 -4.178 -3.852 -3.116 -3.065 -4.664
0.0152 7.750 6.5402827263 2.6199223995    6.540  3.610  3.6123  1.045    3  0.000  0.429     0.00     0.00 -1    -1e-30      0.00 7.090e-01 2.756e-01 2.162e-03 1.320e-03 6.720e-03 -1.000 1.537e-02 -4.254 -3.908 -3.158 -3.107 -4.729
0.0152 7.750 6.5405197144 2.6199231148    6.540  3.645  3.6086  0.995    3  0.000  0.413     0.00     0.00 -1    -1e-30      0.00 7.089e-01 2.757e-01 2.078e-03 1.424e-03 6.717e-03 -1.000 1.537e-02 -4.343 -3.973 -3.206 -3.155 -4.805
0.0152 7.750 6.5409922600 2.6199243069    6.541  3.686  3.6044  0.937    3  0.000  0.398     0.00     0.00 -1    -1e-30      0.00 7.080e-01 2.766e-01 1.988e-03 1.589e-03 6.655e-03 -1.000 1.537e-02 -4.445 -4.046 -3.257 -3.205 -4.891
0.0152 7.750 6.5415692329 2.6199259758    6.541  3.728  3.6004  0.880    3  0.000  0.393     0.00     0.00 -1    -1e-30      0.00 7.049e-01 2.797e-01 1.914e-03 1.827e-03 6.488e-03 -1.000 1.537e-02 -4.549 -4.121 -3.311 -3.259 -4.978
0.0152 7.750 6.5421986580 2.6199278831    6.542  3.770  3.5964  0.821    3  0.000  0.392     0.00     0.00 -1    -1e-30      0.00 6.993e-01 2.854e-01 1.850e-03 2.079e-03 6.291e-03 -1.000 1.537e-02 -4.656 -4.196 -3.363 -3.311 -5.068
0.0152 7.750 6.5428280830 2.6199295521    6.542  3.811  3.5928  0.765    3  0.000  0.392     0.00     0.00 -1    -1e-30      0.00 6.928e-01 2.918e-01 1.801e-03 2.280e-03 6.131e-03 -1.000 1.537e-02 -4.758 -4.269 -3.413 -3.362 -5.154
0.0152 7.750 6.5435519218 2.6199314594    6.543  3.851  3.5894  0.713    3  0.000  0.391     0.00     0.00 -1    -1e-30      0.00 6.865e-01 2.981e-01 1.763e-03 2.437e-03 6.005e-03 -1.000 1.537e-02 -4.856 -4.339 -3.462 -3.410 -5.236
0.0152 7.750 6.5456886292 2.6199374199    6.545  3.886  3.5863  0.665    3  0.000  0.391     0.00     0.00 -1    -1e-30      0.00 6.821e-01 3.025e-01 1.740e-03 2.535e-03 5.927e-03 -1.000 1.537e-02 -4.944 -4.398 -3.499 -3.447 -5.307
0.0152 7.750 6.5518741608 2.6199545860    6.551  3.870  3.5881  0.688    3  0.000  0.391     0.00     0.00 -1    -1e-30      0.00 6.821e-01 3.025e-01 1.740e-03 2.535e-03 5.927e-03 -1.000 1.537e-02 -4.905 -4.376 -3.489 -3.437 -5.278
0.0152 7.750 6.5625042915 2.6199841499    6.562  3.836  3.5918  0.739    4  0.000  0.391     0.00     0.00 -1    -1e-30      0.00 6.822e-01 3.025e-01 1.740e-03 2.535e-03 5.926e-03 -1.000 1.537e-02 -4.819 -4.321 -3.459 -3.407 -5.210
0.0152 7.750 6.5703573227 2.6200058460    6.570  3.800  3.5953  0.789    4  0.000  0.391     0.00     0.00 -1    -1e-30      0.00 6.822e-01 3.025e-01 1.740e-03 2.535e-03 5.926e-03 -1.000 1.537e-02 -4.731 -4.262 -3.421 -3.369 -5.138
0.0152 7.750 6.5772881508 2.6200249195    6.577  3.764  3.5989  0.839    4  0.000  0.391     0.00     0.00 -1    -1e-30      0.00 6.822e-01 3.025e-01 1.740e-03 2.535e-03 5.926e-03 -1.000 1.537e-02 -4.641 -4.201 -3.382 -3.330 -5.065
0.0152 7.750 6.5849351883 2.6200459003    6.584  3.723  3.6031  0.898    4  0.000  0.391     0.00     0.00 -1    -1e-30      0.00 6.822e-01 3.025e-01 1.740e-03 2.535e-03 5.926e-03 -1.000 1.537e-02 -4.538 -4.129 -3.332 -3.281 -4.979
0.0152 7.750 6.5916504860 2.6200642586    6.591  3.688  3.6068  0.948    4  0.000  0.391     0.00     0.00 -1    -1e-30      0.00 6.822e-01 3.025e-01 1.740e-03 2.535e-03 5.926e-03 -1.000 1.537e-02 -4.451 -4.068 -3.290 -3.239 -4.906
0.0152 7.750 6.6009793282 2.6200897694    6.600  3.646  3.6115  1.010    4  0.000  0.391     0.00     0.00 -1    -1e-30      0.00 6.822e-01 3.024e-01 1.740e-03 2.535e-03 5.926e-03 -1.000 1.537e-02 -4.344 -3.994 -3.239 -3.188 -4.817
0.0152 7.750 6.6119318008 2.6201195717    6.611  3.608  3.6163  1.068    4  0.000  0.391     0.00     0.00 -1    -1e-30      0.00 6.822e-01 3.024e-01 1.740e-03 2.535e-03 5.926e-03 -1.000 1.537e-02 -4.249 -3.929 -3.195 -3.144 -4.739
0.0152 7.750 6.6314940453 2.6201725006    6.631  3.574  3.6233  1.131    4  0.000  0.391     0.00     0.00 -1    -1e-30      0.00 6.822e-01 3.024e-01 1.740e-03 2.535e-03 5.926e-03 -1.000 1.537e-02 -4.165 -3.888 -3.182 -3.132 -4.678
0.0152 7.750 6.6416645050 2.6201999187    6.641  3.565  3.6267  1.154    4  0.000  0.391     0.00     0.00 -1    -1e-30      0.00 6.822e-01 3.024e-01 1.740e-03 2.535e-03 5.926e-03 -1.000 1.537e-02 -4.143 -3.885 -3.193 -3.143 -4.667
0.0152 7.750 6.6567926407 2.6202404499    6.656  3.595  3.6355  1.160    5  0.000  0.391     0.00     0.00 -1    -1e-30      0.00 6.822e-01 3.024e-01 1.740e-03 2.535e-03 5.926e-03 -1.000 1.537e-02 -4.219 -4.009 -3.348 -3.298 -4.769
0.0152 7.750 6.6602783203 2.6202497482    6.659  3.615  3.6403  1.159    5  0.000  0.391     0.00     0.00 -1    -1e-30      0.00 6.822e-01 3.024e-01 1.740e-03 2.535e-03 5.926e-03 -1.000 1.537e-02 -4.268 -4.084 -3.439 -3.390 -4.832
0.0152 7.750 6.6621737480 2.6202549934    6.661  3.633  3.6450  1.161    5  0.000  0.391     0.00     0.00 -1    -1e-30      0.00 6.822e-01 3.024e-01 1.740e-03 2.535e-03 5.926e-03 -1.000 1.537e-02 -4.312 -4.152 -3.521 -3.472 -4.889
0.0152 7.750 6.6633186340 2.6202578545    6.662  3.647  3.6507  1.170    5  0.000  0.391     0.00     0.00 -1    -1e-30      0.00 6.822e-01 3.024e-01 1.740e-03 2.535e-03 5.926e-03 -1.000 1.537e-02 -4.347 -4.214 -3.602 -3.554 -4.938
0.0152 7.750 6.6637220383 2.6202590466    6.663  3.652  3.6544  1.179    5  0.000  0.391     0.00     0.00 -1    -1e-30      0.00 6.822e-01 3.024e-01 1.740e-03 2.535e-03 5.926e-03 -1.000 1.537e-02 -4.361 -4.245 -3.644 -3.596 -4.961
0.0152 7.750 6.6640872955 2.6202600002    6.663  3.657  3.6588  1.192    5  0.000  0.391     0.00     0.00 -1    -1e-30      0.00 6.822e-01 3.024e-01 1.740e-03 2.535e-03 5.926e-03 -1.000 1.537e-02 -4.373 -4.277 -3.689 -3.641 -4.983
0.0152 7.750 6.6643972397 2.6202607155    6.663  3.661  3.6631  1.205    5  0.000  0.391     0.00     0.00 -1    -1e-30      0.00 6.822e-01 3.024e-01 1.740e-03 2.535e-03 5.926e-03 -1.000 1.537e-02 -4.383 -4.304 -3.725 -3.678 -5.002
0.0152 7.750 6.6646814346 2.6202616692    6.664  3.664  3.6671  1.218    5  0.000  0.391     0.00     0.00 -1    -1e-30      0.00 6.822e-01 3.024e-01 1.740e-03 2.535e-03 5.926e-03 -1.000 1.537e-02 -4.391 -4.327 -3.757 -3.710 -5.019
0.0152 7.750 6.6649842262 2.6202623844    6.664  3.668  3.6712  1.230    5  0.000  0.391     0.00     0.00 -1    -1e-30      0.00 6.822e-01 3.024e-01 1.740e-03 2.535e-03 5.926e-03 -1.000 1.537e-02 -4.400 -4.351 -3.789 -3.742 -5.035
0.0152 7.750 6.6653161049 2.6202633381    6.664  3.672  3.6755  1.244    5  0.000  0.391     0.00     0.00 -1    -1e-30      0.00 6.822e-01 3.024e-01 1.740e-03 2.535e-03 5.926e-03 -1.000 1.537e-02 -4.410 -4.375 -3.821 -3.775 -5.052
0.0152 7.750 6.6656918526 2.6202642918    6.665  3.676  3.6811  1.262    5  0.000  0.391     0.00     0.00 -1    -1e-30      0.00 6.822e-01 3.024e-01 1.740e-03 2.535e-03 5.926e-03 -1.000 1.537e-02 -4.421 -4.404 -3.862 -3.816 -5.072
0.0152 7.750 6.6661272049 2.6202654839    6.665  3.681  3.6875  1.283    5  0.000  0.391     0.00     0.00 -1    -1e-30      0.00 6.822e-01 3.024e-01 1.740e-03 2.535e-03 5.926e-03 -1.000 1.537e-02 -4.433 -4.435 -3.907 -3.862 -5.092
0.0152 7.750 6.6666431427 2.6202669144    6.666  3.687  3.6951  1.307    5  0.000  0.391     0.00     0.00 -1    -1e-30      0.00 6.822e-01 3.024e-01 1.740e-03 2.535e-03 5.926e-03 -1.000 1.537e-02 -4.447 -4.472 -3.964 -3.920 -5.112
0.0152 7.750 6.6672635078 2.6202683449    6.666  3.693  3.7044  1.339    5  0.000  0.391     0.00     0.00 -1    -1e-30      0.00 6.822e-01 3.024e-01 1.740e-03 2.535e-03 5.926e-03 -1.000 1.537e-02 -4.463 -4.514 -4.031 -3.988 -5.134
0.0152 7.750 6.6680107117 2.6202704906    6.667  3.700  3.7164  1.379    5  0.000  0.391     0.00     0.00 -1    -1e-30      0.00 6.823e-01 3.024e-01 1.740e-03 2.535e-03 5.926e-03 -1.000 1.537e-02 -4.481 -4.562 -4.111 -4.071 -5.154
0.0152 7.750 6.6688928604 2.6202728748    6.668  3.708  3.7314  1.431    5  0.000  0.391     0.00     0.00 -1    -1e-30      0.00 6.823e-01 3.024e-01 1.740e-03 2.535e-03 5.926e-03 -1.000 1.537e-02 -4.500 -4.614 -4.203 -4.165 -5.170
0.0152 7.750 6.6699080467 2.6202754974    6.669  3.716  3.7479  1.490    5  0.000  0.391     0.00     0.00 -1    -1e-30      0.00 6.823e-01 3.024e-01 1.740e-03 2.535e-03 5.926e-03 -1.000 1.537e-02 -4.519 -4.662 -4.295 -4.261 -5.175
0.0152 7.750 6.6710395813 2.6202785969    6.670  3.723  3.7656  1.554    5  0.000  0.391     0.00     0.00 -1    -1e-30      0.00 6.823e-01 3.024e-01 1.740e-03 2.535e-03 5.925e-03 -1.000 1.537e-02 -4.537 -4.702 -4.382 -4.351 -5.167
0.0152 7.750 6.6722750664 2.6202816963    6.671  3.730  3.7835  1.619    5  0.000  0.391     0.00     0.00 -1    -1e-30      0.00 6.823e-01 3.024e-01 1.740e-03 2.535e-03 5.925e-03 -1.000 1.537e-02 -4.554 -4.735 -4.466 -4.440 -5.144
0.0152 7.750 6.6736087799 2.6202852726    6.673  3.736  3.8002  1.680    5  0.000  0.391     0.00     0.00 -1    -1e-30      0.00 6.823e-01 3.024e-01 1.740e-03 2.535e-03 5.925e-03 -1.000 1.537e-02 -4.569 -4.760 -4.533 -4.511 -5.119
0.0152 7.750 6.6750478745 2.6202890873    6.674  3.742  3.8156  1.735    5  0.000  0.391     0.00     0.00 -1    -1e-30      0.00 6.823e-01 3.024e-01 1.740e-03 2.535e-03 5.925e-03 -1.000 1.537e-02 -4.584 -4.780 -4.588 -4.569 -5.093
0.0152 7.750 6.6766085625 2.6202933788    6.676  3.747  3.8300  1.787    5  0.000  0.391     0.00     0.00 -1    -1e-30      0.00 6.823e-01 3.024e-01 1.740e-03 2.535e-03 5.925e-03 -1.000 1.537e-02 -4.599 -4.797 -4.636 -4.619 -5.069
0.0152 7.750 6.6783251762 2.6202979088    6.677  3.753  3.8438  1.836    5  0.000  0.391     0.00     0.00 -1    -1e-30      0.00 6.823e-01 3.024e-01 1.740e-03 2.535e-03 5.925e-03 -1.000 1.537e-02 -4.613 -4.810 -4.677 -4.662 -5.041
0.0152 7.750 6.6802620888 2.6203029156    6.679  3.759  3.8573  1.885    5  0.000  0.391     0.00     0.00 -1    -1e-30      0.00 6.823e-01 3.024e-01 1.740e-03 2.535e-03 5.925e-03 -1.000 1.537e-02 -4.628 -4.820 -4.713 -4.701 -5.011
0.0152 7.750 6.6825275421 2.6203091145    6.681  3.765  3.8699  1.930    5  0.000  0.392     0.00     0.00 -1    -1e-30      0.00 6.823e-01 3.024e-01 1.740e-03 2.535e-03 5.925e-03 -1.000 1.537e-02 -4.642 -4.826 -4.741 -4.731 -4.983
0.0152 7.750 6.6855444908 2.6203169823    6.684  3.770  3.8820  1.973    5  0.000  0.392     0.00     0.00 -1    -1e-30      0.00 6.823e-01 3.024e-01 1.740e-03 2.535e-03 5.925e-03 -1.000 1.537e-02 -4.656 -4.829 -4.762 -4.755 -4.956
0.0152 7.750 6.6931438446 2.6203370094    6.692  3.779  3.8964  2.022    5  0.000  0.392     0.00     0.00 -1    -1e-30      0.00 6.823e-01 3.024e-01 1.740e-03 2.535e-03 5.925e-03 -1.000 1.537e-02 -4.678 -4.831 -4.784 -4.778 -4.926
0.0152 7.750 6.6984858513 2.6203513145    6.697  3.781  3.8923  2.004    5  0.000  0.392     0.00     0.00 -1    -1e-30      0.00 6.823e-01 3.024e-01 1.740e-03 2.535e-03 5.925e-03 -1.000 1.537e-02 -4.683 -4.842 -4.790 -4.784 -4.946
0.0152 7.750 6.7063226700 2.6203718185    6.705  3.784  3.8850  1.973    6  0.000  0.392     0.00     0.00 -1    -1e-30      0.00 6.823e-01 3.023e-01 1.740e-03 2.535e-03 5.925e-03 -1.000 1.537e-02 -4.689 -4.858 -4.796 -4.789 -4.978
0.0152 7.750 6.7269611359 2.6204259396    6.726  3.793  3.8699  1.904    6  0.000  0.392     0.00     0.00 -1    -1e-30      0.00 6.823e-01 3.023e-01 1.740e-03 2.536e-03 5.925e-03 -1.000 1.537e-02 -4.713 -4.897 -4.813 -4.803 -5.053
0.0152 7.750 6.7386913300 2.6204564571    6.737  3.798  3.8597  1.860    6  0.000  0.392     0.00     0.00 -1    -1e-30      0.00 6.823e-01 3.023e-01 1.740e-03 2.536e-03 5.925e-03 -1.000 1.537e-02 -4.724 -4.916 -4.815 -4.803 -5.099
0.0152 7.750 6.7454457283 2.6204741001    6.744  3.799  3.8505  1.822    6  0.000  0.392     0.00     0.00 -1    -1e-30      0.00 6.823e-01 3.023e-01 1.740e-03 2.536e-03 5.925e-03 -1.000 1.537e-02 -4.728 -4.923 -4.805 -4.791 -5.134
0.0152 7.750 6.7499895096 2.6204857826    6.749  3.800  3.8424  1.789    6  0.000  0.392     0.00     0.00 -1    -1e-30      0.00 6.823e-01 3.023e-01 1.740e-03 2.536e-03 5.925e-03 -1.000 1.537e-02 -4.729 -4.927 -4.792 -4.777 -5.160
0.0152 7.750 6.7516269684 2.6204900742    6.750  3.802  3.8407  1.780    6  0.000  0.392     0.00     0.00 -1    -1e-30      0.00 6.823e-01 3.023e-01 1.740e-03 2.536e-03 5.925e-03 -1.000 1.537e-02 -4.735 -4.932 -4.795 -4.780 -5.171
0.0152 7.750 6.7541961670 2.6204967499    6.753  3.801  3.8363  1.764    6  0.000  0.392     0.00     0.00 -1    -1e-30      0.00 6.823e-01 3.023e-01 1.740e-03 2.536e-03 5.925e-03 -1.000 1.537e-02 -4.731 -4.930 -4.783 -4.767 -5.182
0.0152 7.750 6.7580971718 2.6205067635    6.757  3.802  3.8268  1.725    6  0.000  0.392     0.00     0.00 -1    -1e-30      0.00 6.823e-01 3.023e-01 1.740e-03 2.536e-03 5.925e-03 -1.000 1.537e-02 -4.734 -4.933 -4.766 -4.749 -5.213
0.0152 7.750 6.7614879608 2.6205155849    6.760  3.807  3.8340  1.748    6  0.000  0.392     0.00     0.00 -1    -1e-30      0.00 6.823e-01 3.023e-01 1.740e-03 2.536e-03 5.925e-03 -1.000 1.537e-02 -4.749 -4.948 -4.796 -4.780 -5.206
0.0152 7.750 6.7644505501 2.6205232143    6.763  3.803  3.8253  1.718    6  0.000  0.392     0.00     0.00 -1    -1e-30      0.00 6.823e-01 3.023e-01 1.740e-03 2.536e-03 5.925e-03 -1.000 1.537e-02 -4.738 -4.937 -4.767 -4.750 -5.221
0.0152 7.750 6.7666616440 2.6205289364    6.765  3.803  3.8182  1.690    6  0.000  0.392     0.00     0.00 -1    -1e-30      0.00 6.823e-01 3.023e-01 1.740e-03 2.536e-03 5.925e-03 -1.000 1.537e-02 -4.737 -4.935 -4.749 -4.731 -5.239
0.0152 7.750 6.7685751915 2.6205339432    6.767  3.802  3.8118  1.665    6  0.000  0.392     0.00     0.00 -1    -1e-30      0.00 6.823e-01 3.023e-01 1.740e-03 2.536e-03 5.925e-03 -1.000 1.537e-02 -4.735 -4.932 -4.732 -4.712 -5.255
0.0152 7.750 6.7701063156 2.6205377579    6.769  3.801  3.8057  1.642    6  0.000  0.392     0.00     0.00 -1    -1e-30      0.00 6.823e-01 3.023e-01 1.740e-03 2.536e-03 5.925e-03 -1.000 1.537e-02 -4.733 -4.928 -4.714 -4.692 -5.269
0.0152 7.750 6.7716517448 2.6205418110    6.770  3.800  3.7992  1.617    6  0.000  0.392     0.00     0.00 -1    -1e-30      0.00 6.823e-01 3.023e-01 1.740e-03 2.536e-03 5.925e-03 -1.000 1.537e-02 -4.730 -4.922 -4.693 -4.670 -5.282
0.0152 7.750 6.7728438377 2.6205449104    6.771  3.799  3.7934  1.595    6  0.000  0.392     0.00     0.00 -1    -1e-30      0.00 6.823e-01 3.023e-01 1.740e-03 2.536e-03 5.925e-03 -1.000 1.537e-02 -4.727 -4.916 -4.672 -4.648 -5.293
0.0152 7.750 6.7741255760 2.6205480099    6.773  3.797  3.7870  1.571    6  0.000  0.392     0.00     0.00 -1    -1e-30      0.00 6.823e-01 3.023e-01 1.740e-03 2.536e-03 5.925e-03 -1.000 1.537e-02 -4.723 -4.908 -4.649 -4.623 -5.305
0.0152 7.750 6.7753219604 2.6205511093    6.774  3.796  3.7807  1.548    6  0.000  0.392     0.00     0.00 -1    -1e-30      0.00 6.823e-01 3.023e-01 1.740e-03 2.536e-03 5.925e-03 -1.000 1.537e-02 -4.719 -4.901 -4.624 -4.597 -5.318
0.0152 7.750 6.7766838074 2.6205546856    6.775  3.793  3.7735  1.522    6  0.000  0.392     0.00     0.00 -1    -1e-30      0.00 6.824e-01 3.023e-01 1.740e-03 2.536e-03 5.925e-03 -1.000 1.537e-02 -4.713 -4.888 -4.589 -4.561 -5.328
0.0152 7.750 6.7788028717 2.6205601692    6.777  3.788  3.7623  1.482    6  0.000  0.392     0.00     0.00 -1    -1e-30      0.00 6.824e-01 3.023e-01 1.740e-03 2.536e-03 5.925e-03 -1.000 1.537e-02 -4.701 -4.863 -4.533 -4.502 -5.338
0.0152 7.750 6.7805533409 2.6205646992    6.779  3.783  3.7516  1.444    6  0.000  0.392     0.00     0.00 -1    -1e-30      0.00 6.824e-01 3.023e-01 1.740e-03 2.536e-03 5.925e-03 -1.000 1.537e-02 -4.688 -4.836 -4.479 -4.445 -5.340
0.0152 7.750 6.7811951637 2.6205663681    6.780  3.790  3.7482  1.424    6  0.000  0.392     0.00     0.00 -1    -1e-30      0.00 6.824e-01 3.023e-01 1.740e-03 2.536e-03 5.925e-03 -1.000 1.537e-02 -4.704 -4.849 -4.481 -4.447 -5.361
0.0152 7.750 6.7816495895 2.6205673218    6.780  3.794  3.7467  1.414    6  0.000  0.392     0.00     0.00 -1    -1e-30      0.00 6.824e-01 3.023e-01 1.740e-03 2.536e-03 5.925e-03 -1.000 1.537e-02 -4.716 -4.857 -4.486 -4.451 -5.374
0.0152 7.750 6.7819008827 2.6205680370    6.780  3.794  3.7468  1.415    6  0.000  0.392     0.00     0.00 -1    -1e-30      0.00 6.824e-01 3.023e-01 1.740e-03 2.536e-03 5.925e-03 -1.000 1.537e-02 -4.714 -4.856 -4.485 -4.451 -5.373
0.0152 7.750 6.7821230888 2.6205687523    6.780  3.793  3.7471  1.417    6  0.000  0.392     0.00     0.00 -1    -1e-30      0.00 6.824e-01 3.023e-01 1.740e-03 2.536e-03 5.925e-03 -1.000 1.537e-02 -4.712 -4.854 -4.484 -4.449 -5.370
0.0152 7.750 6.7824554443 2.6205694675    6.781  3.792  3.7463  1.415    6  0.000  0.392     0.00     0.00 -1    -1e-30      0.00 6.824e-01 3.023e-01 1.740e-03 2.536e-03 5.925e-03 -1.000 1.537e-02 -4.710 -4.851 -4.478 -4.444 -5.368
0.0152 7.750 6.7841939926 2.6205739975    6.783  3.788  3.7356  1.375    6  0.000  0.392     0.00     0.00 -1    -1e-30      0.00 6.824e-01 3.023e-01 1.740e-03 2.536e-03 5.925e-03 -1.000 1.537e-02 -4.701 -4.824 -4.421 -4.384 -5.370
0.0152 7.750 6.7859106064 2.6205782890    6.784  3.783  3.7189  1.314    6  0.000  0.392     0.00     0.00 -1    -1e-30      0.00 6.824e-01 3.023e-01 1.740e-03 2.536e-03 5.925e-03 -1.000 1.537e-02 -4.688 -4.776 -4.329 -4.289 -5.364
0.0152 7.750 6.7871432304 2.6205813885    6.785  3.778  3.7049  1.264    6  0.000  0.392     0.00     0.00 -1    -1e-30      0.00 6.824e-01 3.023e-01 1.740e-03 2.536e-03 5.925e-03 -1.000 1.537e-02 -4.674 -4.728 -4.243 -4.200 -5.348
0.0152 7.750 6.7882146835 2.6205842495    6.786  3.772  3.6922  1.219    6  0.000  0.392     0.00     0.00 -1    -1e-30      0.00 6.824e-01 3.023e-01 1.740e-03 2.536e-03 5.925e-03 -1.000 1.537e-02 -4.659 -4.676 -4.157 -4.113 -5.324
0.0152 7.750 6.7896633148 2.6205878258    6.788  3.760  3.6769  1.169    6  0.000  0.392     0.00     0.00 -1    -1e-30      0.00 6.824e-01 3.023e-01 1.740e-03 2.536e-03 5.924e-03 -1.000 1.537e-02 -4.631 -4.601 -4.048 -4.002 -5.278
0.0152 7.750 6.7912225723 2.6205918789    6.790  3.744  3.6600  1.118    6  0.000  0.392     0.00     0.00 -1    -1e-30      0.00 6.824e-01 3.023e-01 1.740e-03 2.536e-03 5.924e-03 -1.000 1.537e-02 -4.589 -4.499 -3.912 -3.864 -5.204
0.0152 7.750 6.7926998138 2.6205956936    6.791  3.727  3.6466  1.082    6  0.000  0.392     0.00     0.00 -1    -1e-30      0.00 6.824e-01 3.023e-01 1.740e-03 2.536e-03 5.924e-03 -1.000 1.537e-02 -4.546 -4.394 -3.767 -3.718 -5.129
0.0152 7.750 6.7953982353 2.6206026077    6.794  3.707  3.6341  1.051    6  0.000  0.392     0.00     0.00 -1    -1e-30      0.00 6.824e-01 3.023e-01 1.740e-03 2.536e-03 5.924e-03 -1.000 1.537e-02 -4.498 -4.282 -3.613 -3.563 -5.046
0.0152 7.750 6.8050241470 2.6206271648    6.803  3.709  3.6142  0.970    6  0.000  0.392     0.00     0.00 -1    -1e-30      0.00 6.824e-01 3.023e-01 1.740e-03 2.536e-03 5.924e-03 -1.000 1.537e-02 -4.503 -4.169 -3.424 -3.373 -4.986
0.0152 7.750 6.8078618050 2.6206343174    6.806  3.741  3.6080  0.914    6  0.000  0.392     0.00     0.00 -1    -1e-30      0.00 6.824e-01 3.022e-01 1.740e-03 2.536e-03 5.924e-03 -1.000 1.537e-02 -4.582 -4.208 -3.434 -3.383 -5.043
0.0152 7.750 6.8084936142 2.6206359863    6.807  3.761  3.6052  0.883    6  0.000  0.392     0.00     0.00 -1    -1e-30      0.00 6.824e-01 3.022e-01 1.740e-03 2.536e-03 5.924e-03 -1.000 1.537e-02 -4.632 -4.238 -3.450 -3.398 -5.082
0.0152 7.750 6.8085160255 2.6206359863    6.807  3.762  3.6050  0.881    6  0.000  0.392     0.00     0.00 -1    -1e-30      0.00 6.824e-01 3.022e-01 1.740e-03 2.536e-03 5.924e-03 -1.000 1.537e-02 -4.635 -4.240 -3.451 -3.399 -5.084
0.0152 7.750 6.8086123466 2.6206362247    6.807  3.769  3.6043  0.871    6  0.000  0.392     0.00     0.00 -1    -1e-30      0.00 6.824e-01 3.022e-01 1.740e-03 2.536e-03 5.924e-03 -1.000 1.537e-02 -4.653 -4.252 -3.459 -3.408 -5.099
0.0152 7.750 6.8091139793 2.6206374168    6.807  3.793  3.6019  0.838    7  0.000  0.392     0.00     0.00 -1    -1e-30      0.00 6.824e-01 3.022e-01 1.740e-03 2.536e-03 5.924e-03 -1.000 1.537e-02 -4.712 -4.294 -3.489 -3.438 -5.148
0.0152 7.750 6.8102073669 2.6206402779    6.808  3.793  3.6014  0.835    7  0.000  0.392     0.00     0.00 -1    -1e-30      0.00 6.824e-01 3.022e-01 1.740e-03 2.536e-03 5.924e-03 -1.000 1.537e-02 -4.713 -4.291 -3.484 -3.433 -5.147
0.0152 7.750 6.8107190132 2.6206414700    6.809  3.820  3.5984  0.796    7  0.000  0.392     0.00     0.00 -1    -1e-30      0.00 6.824e-01 3.022e-01 1.740e-03 2.536e-03 5.924e-03 -1.000 1.537e-02 -4.781 -4.336 -3.512 -3.460 -5.202
0.0152 7.750 6.8111515045 2.6206426620    6.809  3.855  3.5947  0.747    7  0.000  0.392     0.00     0.00 -1    -1e-30      0.00 6.824e-01 3.022e-01 1.740e-03 2.536e-03 5.924e-03 -1.000 1.537e-02 -4.867 -4.393 -3.547 -3.495 -5.272
0.0152 7.750 6.8116903305 2.6206440926    6.810  3.891  3.5910  0.696    7  0.000  0.391     0.00     0.00 -1    -1e-30      0.00 6.824e-01 3.022e-01 1.739e-03 2.536e-03 5.924e-03 -1.000 1.537e-02 -4.957 -4.453 -3.585 -3.534 -5.345
0.0152 7.750 6.8123540878 2.6206457615    6.811  3.928  3.5873  0.644    7  0.000  0.391     0.00     0.00 -1    -1e-30      0.00 6.824e-01 3.022e-01 1.739e-03 2.537e-03 5.924e-03 -1.000 1.537e-02 -5.050 -4.513 -3.619 -3.567 -5.419
0.0152 7.750 6.8131599426 2.6206476688    6.811  3.966  3.5834  0.590    7  0.000  0.391     0.00     0.00 -1    -1e-30      0.00 6.824e-01 3.022e-01 1.735e-03 2.540e-03 5.924e-03 -1.000 1.537e-02 -5.146 -4.573 -3.651 -3.599 -5.494
0.0152 7.750 6.8141093254 2.6206500530    6.812  4.003  3.5797  0.539    7  0.000  0.388     0.00     0.00 -1    -1e-30      0.00 6.824e-01 3.022e-01 1.726e-03 2.550e-03 5.924e-03 -1.000 1.537e-02 -5.237 -4.629 -3.680 -3.628 -5.565
0.0152 7.750 6.8151903152 2.6206529140    6.813  4.041  3.5758  0.485    7  0.000  0.386     0.00     0.00 -1    -1e-30      0.00 6.824e-01 3.022e-01 1.715e-03 2.563e-03 5.924e-03 -1.000 1.537e-02 -5.333 -4.681 -3.693 -3.641 -5.636
0.0152 7.750 6.8162908554 2.6206557751    6.815  4.079  3.5719  0.432    7  0.000  0.384     0.00     0.00 -1    -1e-30      0.00 6.824e-01 3.022e-01 1.705e-03 2.575e-03 5.924e-03 -1.000 1.537e-02 -5.428 -4.731 -3.704 -3.653 -5.705
0.0152 7.750 6.8173217773 2.6206583977    6.815  4.115  3.5681  0.381    7  0.000  0.382     0.00     0.00 -1    -1e-30      0.00 6.824e-01 3.022e-01 1.697e-03 2.586e-03 5.923e-03 -1.000 1.537e-02 -5.518 -4.775 -3.704 -3.653 -5.769
0.0152 7.750 6.8182263374 2.6206605434    6.816  4.146  3.5652  0.338    7  0.000  0.381     0.00     0.00 -1    -1e-30      0.00 6.766e-01 3.080e-01 1.678e-03 2.654e-03 5.872e-03 -1.000 1.535e-02 -5.596 -4.813 -3.702 -3.650 -5.823
0.0152 7.750 6.8191480637 2.6206629276    6.817  4.178  3.5624  0.295    7  0.000  0.380     0.00     0.00 -1    -1e-30      0.00 6.668e-01 3.178e-01 1.651e-03 2.765e-03 5.785e-03 -1.000 1.535e-02 -5.675 -4.855 -3.705 -3.653 -5.881
0.0152 7.750 6.8199901581 2.6206650734    6.818  4.208  3.5596  0.254    7  0.000  0.380     0.00     0.00 -1    -1e-30      0.00 6.578e-01 3.269e-01 1.626e-03 2.868e-03 5.703e-03 -1.000 1.534e-02 -5.750 -4.892 -3.703 -3.652 -5.933
0.0152 7.750 6.8207197189 2.6206669807    6.819  4.234  3.5574  0.220    7  0.000  0.380     0.00     0.00 -1    -1e-30      0.00 6.489e-01 3.358e-01 1.601e-03 2.970e-03 5.620e-03 -1.000 1.533e-02 -5.814 -4.919 -3.690 -3.639 -5.975
0.0152 7.750 6.8215942383 2.6206691265    6.820  4.265  3.5552  0.179    7  0.000  0.380     0.00     0.00 -1    -1e-30      0.00 6.270e-01 3.577e-01 1.548e-03 3.201e-03 5.433e-03 -1.000 1.533e-02 -5.893 -4.963 -3.693 -3.643 -6.033
0.0152 7.750 6.8217754364 2.6206696033    6.820  4.280  3.5539  0.159    7  0.000  0.380     0.00     0.00 -1    -1e-30      0.00 6.198e-01 3.649e-01 1.531e-03 3.276e-03 5.373e-03 -1.000 1.532e-02 -5.930 -4.979 -3.686 -3.636 -6.058
0.0152 7.750 6.8219456673 2.6206700802    6.820  4.294  3.5525  0.139    7  0.000  0.380     0.00     0.00 -1    -1e-30      0.00 6.158e-01 3.689e-01 1.521e-03 3.319e-03 5.338e-03 -1.000 1.531e-02 -5.966 -4.992 -3.674 -3.624 -6.080
0.0152 7.750 6.8220000267 2.6206700802    6.820  4.297  3.5522  0.135    7  0.000  0.380     0.00     0.00 -1    -1e-30      0.00 6.143e-01 3.703e-01 1.518e-03 3.334e-03 5.326e-03 -1.000 1.533e-02 -5.974 -4.996 -3.673 -3.622 -6.085
#isochrone terminated
